"date","age_group","population","population_vaccinated","population_unvaccinated"
2021 Apr,"10",67823,-1507,69330
2021 Apr,"11",68377,-620,68997
2021 Apr,"12",67547,-83,67630
2021 Apr,"13",67730,-10,67740
2021 Apr,"14",65647,62,65585
2021 Apr,"15",63080,164,62916
2021 Apr,"16",62527,299,62228
2021 Apr,"17",62800,467,62333
2021 Apr,"18",62523,661,61862
2021 Apr,"19",63117,906,62211
2021 Apr,"20",65713,1331,64382
2021 Apr,"21",66297,1628,64669
2021 Apr,"22",64897,1927,62970
2021 Apr,"23",67130,2243,64887
2021 Apr,"24",67963,2501,65462
2021 Apr,"25",70393,2693,67700
2021 Apr,"26",71793,2853,68940
2021 Apr,"27",73253,2961,70292
2021 Apr,"28",76747,3000,73747
2021 Apr,"29",79013,2984,76029
2021 Apr,"30",80173,2899,77274
2021 Apr,"31",78803,2822,75981
2021 Apr,"32",76243,2724,73519
2021 Apr,"33",75590,2627,72963
2021 Apr,"34",71890,2507,69383
2021 Apr,"35",69953,2405,67548
2021 Apr,"36",68873,2319,66554
2021 Apr,"37",68050,2234,65816
2021 Apr,"38",67407,2169,65238
2021 Apr,"39",65813,2126,63687
2021 Apr,"40",64500,2102,62398
2021 Apr,"41",63603,2088,61515
2021 Apr,"42",62287,2094,60193
2021 Apr,"43",60683,2118,58565
2021 Apr,"44",61083,2150,58933
2021 Apr,"45",60720,2198,58522
2021 Apr,"46",62843,2261,60582
2021 Apr,"47",64757,2323,62434
2021 Apr,"48",66880,2392,64488
2021 Apr,"49",68663,2471,66192
2021 Apr,"50",68700,2548,66152
2021 Apr,"51",66653,2608,64045
2021 Apr,"52",66663,2666,63997
2021 Apr,"53",64853,2705,62148
2021 Apr,"54",63507,2726,60781
2021 Apr,"55",63077,2732,60345
2021 Apr,"56",63890,2714,61176
2021 Apr,"57",65387,2678,62709
2021 Apr,"58",66360,2626,63734
2021 Apr,"59",65150,2551,62599
2021 Apr,"60",63237,2452,60785
2021 Apr,"61",60943,2347,58596
2021 Apr,"62",59583,2226,57357
2021 Apr,"63",57437,2089,55348
2021 Apr,"64",55510,1949,53561
2021 Apr,"65",53993,1800,52193
2021 Apr,"66",52303,1640,50663
2021 Apr,"67",50263,1485,48778
2021 Apr,"68",48673,1331,47342
2021 Apr,"69",47100,1174,45926
2021 Apr,"70",45603,1019,44584
2021 Apr,"71",44823,885,43938
2021 Apr,"72",43423,757,42666
2021 Apr,"73",43127,643,42484
2021 Apr,"74",41713,544,41169
2021 Apr,"75",34923,458,34465
2021 Apr,"76",32050,382,31668
2021 Apr,"77",29673,322,29351
2021 Apr,"78",26067,271,25796
2021 Apr,"79",27863,230,27633
2021 Apr,"80",26043,204,25839
2021 Apr,"81",22917,177,22740
2021 Apr,"82",20213,155,20058
2021 Apr,"83",18040,140,17900
2021 Apr,"84",15947,126,15821
2021 Apr,"85",14023,113,13910
2021 Apr,"86",12677,104,12573
2021 Apr,"87",11277,95,11182
2021 Apr,"88",9750,86,9664
2021 Apr,"89",8550,79,8471
2021 Apr,"90",7693,70,7623
2021 Apr,"91",6400,65,6335
2021 Apr,"92",5163,60,5103
2021 Apr,"93",3963,56,3907
2021 Apr,"94",3150,54,3096
2021 Apr,"95+",8163,141,8022
2021 May,"10",67690,-1507,69197
2021 Jun,"10",67603,-1507,69110
2021 Jul,"10",67517,-1507,69024
2021 May,"11",68530,-620,69150
2021 Jun,"11",68530,-620,69150
2021 Jul,"11",68530,-620,69150
2021 May,"12",67500,-82,67582
2021 Jun,"12",67547,-75,67622
2021 Jul,"12",67593,-37,67630
2021 May,"13",67740,31,67709
2021 Jun,"13",67780,138,67642
2021 Jul,"13",67820,344,67476
2021 May,"14",65980,193,65787
2021 Jun,"14",66273,411,65862
2021 Jul,"14",66567,779,65788
2021 May,"15",63270,404,62866
2021 Jun,"15",63410,739,62671
2021 Jul,"15",63550,1266,62284
2021 May,"16",62410,670,61740
2021 Jun,"16",62403,1130,61273
2021 Jul,"16",62397,1812,60585
2021 May,"17",62870,993,61877
2021 Jun,"17",62937,1584,61353
2021 Jul,"17",63003,2419,60584
2021 May,"18",62600,1356,61244
2021 Jun,"18",62483,2082,60401
2021 Jul,"18",62367,3065,59302
2021 May,"19",63020,1805,61215
2021 Jun,"19",62827,2678,60149
2021 Jul,"19",62633,3804,58829
2021 May,"20",65380,2531,62849
2021 Jun,"20",65067,3577,61490
2021 Jul,"20",64753,4835,59918
2021 May,"21",66330,3059,63271
2021 Jun,"21",66310,4249,62061
2021 Jul,"21",66290,5631,60659
2021 May,"22",64910,3585,61325
2021 Jun,"22",64910,4914,59996
2021 Jul,"22",64910,6411,58499
2021 May,"23",66830,4140,62690
2021 Jun,"23",66533,5608,60925
2021 Jul,"23",66237,7211,59026
2021 May,"24",67790,4599,63191
2021 Jun,"24",67680,6187,61493
2021 Jul,"24",67570,7889,59681
2021 May,"25",70090,4951,65139
2021 Jun,"25",69707,6640,63067
2021 Jul,"25",69323,8431,60892
2021 May,"26",71560,5249,66311
2021 Jun,"26",71440,7027,64413
2021 Jul,"26",71320,8898,62422
2021 May,"27",72950,5463,67487
2021 Jun,"27",72710,7314,65396
2021 Jul,"27",72470,9259,63211
2021 May,"28",76400,5562,70838
2021 Jun,"28",76000,7464,68536
2021 Jul,"28",75600,9474,66126
2021 May,"29",78740,5570,73170
2021 Jun,"29",78553,7507,71046
2021 Jul,"29",78367,9574,68793
2021 May,"30",79880,5466,74414
2021 Jun,"30",79747,7421,72326
2021 Jul,"30",79613,9539,70074
2021 May,"31",79110,5364,73746
2021 Jun,"31",79287,7328,71959
2021 Jul,"31",79463,9490,69973
2021 May,"32",76260,5224,71036
2021 Jun,"32",76360,7189,69171
2021 Jul,"32",76460,9389,67071
2021 May,"33",75520,5079,70441
2021 Jun,"33",75640,7039,68601
2021 Jul,"33",75760,9273,66487
2021 May,"34",72200,4891,67309
2021 Jun,"34",72610,6834,65776
2021 Jul,"34",73020,9096,63924
2021 May,"35",70080,4728,65352
2021 Jun,"35",70217,6657,63560
2021 Jul,"35",70353,8947,61406
2021 May,"36",68930,4586,64344
2021 Jun,"36",69090,6501,62589
2021 Jul,"36",69250,8817,60433
2021 May,"37",68230,4441,63789
2021 Jun,"37",68210,6337,61873
2021 Jul,"37",68190,8676,59514
2021 May,"38",67370,4330,63040
2021 Jun,"38",67387,6212,61175
2021 Jul,"38",67403,8578,58825
2021 May,"39",66000,4253,61747
2021 Jun,"39",66173,6126,60047
2021 Jul,"39",66347,8521,57826
2021 May,"40",64510,4201,60309
2021 Jun,"40",64650,6068,58582
2021 Jul,"40",64790,8492,56298
2021 May,"41",63590,4177,59413
2021 Jun,"41",63733,6044,57689
2021 Jul,"41",63877,8504,55373
2021 May,"42",62590,4191,58399
2021 Jun,"42",62633,6066,56567
2021 Jul,"42",62677,8565,54112
2021 May,"43",60620,4236,56384
2021 Jun,"43",60727,6123,54604
2021 Jul,"43",60833,8665,52168
2021 May,"44",61130,4306,56824
2021 Jun,"44",61080,6217,54863
2021 Jul,"44",61030,8815,52215
2021 May,"45",60690,4409,56281
2021 Jun,"45",60687,6355,54332
2021 Jul,"45",60683,9017,51666
2021 May,"46",62580,4546,58034
2021 Jun,"46",62433,6534,55899
2021 Jul,"46",62287,9266,53021
2021 May,"47",64680,4689,59991
2021 Jun,"47",64437,6735,57702
2021 Jul,"47",64193,9561,54632
2021 May,"48",66620,4853,61767
2021 Jun,"48",66333,6972,59361
2021 Jul,"48",66047,9908,56139
2021 May,"49",68630,5042,63588
2021 Jun,"49",68543,7245,61298
2021 Jul,"49",68457,10304,58153
2021 May,"50",68940,5235,63705
2021 Jun,"50",68987,7540,61447
2021 Jul,"50",69033,10740,58293
2021 May,"51",66550,5403,61147
2021 Jun,"51",66683,7830,58853
2021 Jul,"51",66817,11216,55601
2021 May,"52",66650,5577,61073
2021 Jun,"52",66700,8143,58557
2021 Jul,"52",66750,11737,55013
2021 May,"53",65040,5719,59321
2021 Jun,"53",65140,8444,56696
2021 Jul,"53",65240,12280,52960
2021 May,"54",63610,5835,57775
2021 Jun,"54",63680,8742,54938
2021 Jul,"54",63750,12857,50893
2021 May,"55",62910,5927,56983
2021 Jun,"55",62910,9035,53875
2021 Jul,"55",62910,13458,49452
2021 May,"56",63790,5977,57813
2021 Jun,"56",63657,9308,54349
2021 Jul,"56",63523,14075,49448
2021 May,"57",65230,6001,59229
2021 Jun,"57",65037,9576,55461
2021 Jul,"57",64843,14722,50121
2021 May,"58",66250,5993,60257
2021 Jun,"58",66237,9828,56409
2021 Jul,"58",66223,15357,50866
2021 May,"59",65290,5947,59343
2021 Jun,"59",65340,10064,55276
2021 Jul,"59",65390,15998,49392
2021 May,"60",63420,5858,57562
2021 Jun,"60",63610,10270,53340
2021 Jul,"60",63800,16652,47148
2021 May,"61",61020,5755,55265
2021 Jun,"61",61147,10479,50668
2021 Jul,"61",61273,17270,44003
2021 May,"62",59870,5624,54246
2021 Jun,"62",59857,10678,49179
2021 Jul,"62",59843,17872,41971
2021 May,"63",57370,5461,51909
2021 Jun,"63",57473,10867,46606
2021 Jul,"63",57577,18470,39107
2021 May,"64",55640,5286,50354
2021 Jun,"64",55830,11031,44799
2021 Jul,"64",56020,18998,37022
2021 May,"65",54120,5092,49028
2021 Jun,"65",54197,11186,43011
2021 Jul,"65",54273,19484,34789
2021 May,"66",52360,4875,47485
2021 Jun,"66",52480,11331,41149
2021 Jul,"66",52600,19941,32659
2021 May,"67",50490,4656,45834
2021 Jun,"67",50607,11429,39178
2021 Jul,"67",50723,20287,30436
2021 May,"68",48580,4428,44152
2021 Jun,"68",48617,11496,37121
2021 Jul,"68",48653,20545,28108
2021 May,"69",47230,4186,43044
2021 Jun,"69",47347,11539,35808
2021 Jul,"69",47463,20737,26726
2021 May,"70",45560,3943,41617
2021 Jun,"70",45610,11552,34058
2021 Jul,"70",45660,20842,24818
2021 May,"71",44920,3711,41209
2021 Jun,"71",44880,11455,33425
2021 Jul,"71",44840,20735,24105
2021 May,"72",43370,3476,39894
2021 Jun,"72",43453,11307,32146
2021 Jul,"72",43537,20511,23026
2021 May,"73",43150,3252,39898
2021 Jun,"73",43050,11083,31967
2021 Jul,"73",42950,20137,22813
2021 May,"74",42040,3039,39001
2021 Jun,"74",42203,10767,31436
2021 Jul,"74",42367,19578,22789
2021 May,"75",35000,2831,32169
2021 Jun,"75",35397,10374,25023
2021 Jul,"75",35793,18861,16932
2021 May,"76",32270,2634,29636
2021 Jun,"76",32503,9929,22574
2021 Jul,"76",32737,18045,14692
2021 May,"77",30000,2448,27552
2021 Jun,"77",30030,9399,20631
2021 Jul,"77",30060,17062,12998
2021 May,"78",25830,2272,23558
2021 Jun,"78",25970,8821,17149
2021 Jul,"78",26110,15985,10125
2021 May,"79",27880,2105,25775
2021 Jun,"79",27723,8209,19514
2021 Jul,"79",27567,14843,12724
2021 May,"80",26150,1952,24198
2021 Jun,"80",26197,7492,18705
2021 Jul,"80",26243,13497,12746
2021 May,"81",23180,1801,21379
2021 Jun,"81",23400,6845,16555
2021 Jul,"81",23620,12285,11335
2021 May,"82",20210,1657,18553
2021 Jun,"82",20320,6205,14115
2021 Jul,"82",20430,11088,9342
2021 May,"83",18080,1522,16558
2021 Jun,"83",18223,5546,12677
2021 Jul,"83",18367,9855,8512
2021 May,"84",16030,1391,14639
2021 Jun,"84",16057,4933,11124
2021 Jul,"84",16083,8707,7376
2021 May,"85",14110,1266,12844
2021 Jun,"85",14210,4364,9846
2021 Jul,"85",14310,7645,6665
2021 May,"86",12630,1146,11484
2021 Jun,"86",12583,3815,8768
2021 Jul,"86",12537,6620,5917
2021 May,"87",11310,1033,10277
2021 Jun,"87",11360,3315,8045
2021 Jul,"87",11410,5688,5722
2021 May,"88",9780,925,8855
2021 Jun,"88",9817,2862,6955
2021 Jul,"88",9853,4847,5006
2021 May,"89",8560,823,7737
2021 Jun,"89",8557,2452,6105
2021 Jul,"89",8553,4086,4467
2021 May,"90",7650,726,6924
2021 Jun,"90",7587,2099,5488
2021 Jul,"90",7523,3433,4090
2021 May,"91",6390,638,5752
2021 Jun,"91",6417,1782,4635
2021 Jul,"91",6443,2847,3596
2021 May,"92",5230,558,4672
2021 Jun,"92",5207,1510,3697
2021 Jul,"92",5183,2346,2837
2021 May,"93",3980,485,3495
2021 Jun,"93",3987,1284,2703
2021 Jul,"93",3993,1933,2060
2021 May,"94",3140,421,2719
2021 Jun,"94",3160,1104,2056
2021 Jul,"94",3180,1606,1574
2021 May,"95+",8200,1592,6608
2021 Jun,"95+",8200,5348,2852
2021 Jul,"95+",8200,7447,753
2021 Aug,"10",67430,-819,68249
2021 Sep,"10",67233,5170,62063
2021 Oct,"10",67037,12316,54721
2021 Aug,"11",68530,121,68409
2021 Sep,"11",68483,6580,61903
2021 Oct,"11",68437,14285,54152
2021 Aug,"12",67640,3886,63754
2021 Sep,"12",67660,32738,34922
2021 Oct,"12",67680,48484,19196
2021 Aug,"13",67860,4627,63233
2021 Sep,"13",67910,32531,35379
2021 Oct,"13",67960,48068,19892
2021 Aug,"14",66860,5395,61465
2021 Sep,"14",67023,32373,34650
2021 Oct,"14",67187,47270,19917
2021 Aug,"15",63690,6186,57504
2021 Sep,"15",63867,32251,31616
2021 Oct,"15",64043,46641,17402
2021 Aug,"16",62390,7107,55283
2021 Sep,"16",62463,32707,29756
2021 Oct,"16",62537,46374,16163
2021 Aug,"17",63070,7969,55101
2021 Sep,"17",62943,32711,30232
2021 Oct,"17",62817,46096,16721
2021 Aug,"18",62250,8841,53409
2021 Sep,"18",62223,32735,29488
2021 Oct,"18",62197,45982,16215
2021 Aug,"19",62440,9768,52672
2021 Sep,"19",62177,32783,29394
2021 Oct,"19",61913,46032,15881
2021 Aug,"20",64440,10789,53651
2021 Sep,"20",64233,32263,31970
2021 Oct,"20",64027,45968,18059
2021 Aug,"21",66270,11741,54529
2021 Sep,"21",66277,32547,33730
2021 Oct,"21",66283,46445,19838
2021 Aug,"22",64910,12670,52240
2021 Sep,"22",64917,32939,31978
2021 Oct,"22",64923,47134,17789
2021 Aug,"23",65940,13637,52303
2021 Sep,"23",65553,33565,31988
2021 Oct,"23",65167,47992,17175
2021 Aug,"24",67460,14553,52907
2021 Sep,"24",67283,34582,32701
2021 Oct,"24",67107,49152,17955
2021 Aug,"25",68940,15433,53507
2021 Sep,"25",68820,36188,32632
2021 Oct,"25",68700,50719,17981
2021 Aug,"26",71200,16193,55007
2021 Sep,"26",70920,37469,33451
2021 Oct,"26",70640,52073,18567
2021 Aug,"27",72230,16874,55356
2021 Sep,"27",72000,38836,33164
2021 Oct,"27",71770,53479,18291
2021 Aug,"28",75200,17446,57754
2021 Sep,"28",74817,40330,34487
2021 Oct,"28",74433,54984,19449
2021 Aug,"29",78180,17875,60305
2021 Sep,"29",77960,41556,36404
2021 Oct,"29",77740,56166,21574
2021 Aug,"30",79480,18179,61301
2021 Sep,"30",79253,42653,36600
2021 Oct,"30",79027,57278,21749
2021 Aug,"31",79640,18404,61236
2021 Sep,"31",79697,43431,36266
2021 Oct,"31",79753,57924,21829
2021 Aug,"32",76560,18538,58022
2021 Sep,"32",76833,43927,32906
2021 Oct,"32",77107,58204,18903
2021 Aug,"33",75880,18586,57294
2021 Sep,"33",75883,43992,31891
2021 Oct,"33",75887,57940,17947
2021 Aug,"34",73430,18546,54884
2021 Sep,"34",73703,43855,29848
2021 Oct,"34",73977,57408,16569
2021 Aug,"35",70490,18453,52037
2021 Sep,"35",70657,43197,27460
2021 Oct,"35",70823,56220,14603
2021 Aug,"36",69410,18388,51022
2021 Sep,"36",69430,42616,26814
2021 Oct,"36",69450,55060,14390
2021 Aug,"37",68170,18322,49848
2021 Sep,"37",68243,42142,26101
2021 Oct,"37",68317,54034,14283
2021 Aug,"38",67420,18327,49093
2021 Sep,"38",67423,41775,25648
2021 Oct,"38",67427,53104,14323
2021 Aug,"39",66520,18375,48145
2021 Sep,"39",66773,41399,25374
2021 Oct,"39",67027,52136,14891
2021 Aug,"40",64930,18479,46451
2021 Sep,"40",64877,41251,23626
2021 Oct,"40",64823,51379,13444
2021 Aug,"41",64020,18668,45352
2021 Sep,"41",64087,41306,22781
2021 Oct,"41",64153,51056,13097
2021 Aug,"42",62720,18943,43777
2021 Sep,"42",62840,41511,21329
2021 Oct,"42",62960,50946,12014
2021 Aug,"43",60940,19284,41656
2021 Sep,"43",61090,41851,19239
2021 Oct,"43",61240,51026,10214
2021 Aug,"44",60980,19722,41258
2021 Sep,"44",60837,42396,18441
2021 Oct,"44",60693,51439,9254
2021 Aug,"45",60680,20249,40431
2021 Sep,"45",60730,43127,17603
2021 Oct,"45",60780,52253,8527
2021 Aug,"46",62140,20876,41264
2021 Sep,"46",61860,43883,17977
2021 Oct,"46",61580,52872,8708
2021 Aug,"47",63950,21589,42361
2021 Sep,"47",63790,44772,19018
2021 Oct,"47",63630,53650,9980
2021 Aug,"48",65760,22379,43381
2021 Sep,"48",65543,45612,19931
2021 Oct,"48",65327,54317,11010
2021 Aug,"49",68370,23252,45118
2021 Sep,"49",68250,46426,21824
2021 Oct,"49",68130,54859,13271
2021 Aug,"50",69080,24215,44865
2021 Sep,"50",68927,47333,21594
2021 Oct,"50",68773,55315,13458
2021 Aug,"51",66950,25180,41770
2021 Sep,"51",67183,48046,19137
2021 Oct,"51",67417,55699,11718
2021 Aug,"52",66800,26187,40613
2021 Sep,"52",66703,48615,18088
2021 Oct,"52",66607,55925,10682
2021 Aug,"53",65340,27187,38153
2021 Sep,"53",65567,49095,16472
2021 Oct,"53",65793,56044,9749
2021 Aug,"54",63820,28209,35611
2021 Sep,"54",63813,49472,14341
2021 Oct,"54",63807,56077,7730
2021 Aug,"55",62910,29182,33728
2021 Sep,"55",62877,49564,13313
2021 Oct,"55",62843,55899,6944
2021 Aug,"56",63390,30169,33221
2021 Sep,"56",63293,49728,13565
2021 Oct,"56",63197,55761,7436
2021 Aug,"57",64650,31174,33476
2021 Sep,"57",64600,49848,14752
2021 Oct,"57",64550,55580,8970
2021 Aug,"58",66210,32093,34117
2021 Sep,"58",66017,49893,16124
2021 Oct,"58",65823,55334,10489
2021 Aug,"59",65440,32945,32495
2021 Sep,"59",65573,49760,15813
2021 Oct,"59",65707,54895,10812
2021 Aug,"60",63990,33838,30152
2021 Sep,"60",63983,49752,14231
2021 Oct,"60",63977,54581,9396
2021 Aug,"61",61400,34502,26898
2021 Sep,"61",61683,49246,12437
2021 Oct,"61",61967,53729,8238
2021 Aug,"62",59830,35039,24791
2021 Sep,"62",59770,48582,11188
2021 Oct,"62",59710,52718,6992
2021 Aug,"63",57680,35466,22214
2021 Sep,"63",57830,47629,10201
2021 Oct,"63",57980,51398,6582
2021 Aug,"64",56210,35709,20501
2021 Sep,"64",56303,46453,9850
2021 Oct,"64",56397,49843,6554
2021 Aug,"65",54350,35725,18625
2021 Sep,"65",54477,44758,9719
2021 Oct,"65",54603,47738,6865
2021 Aug,"66",52720,35721,16999
2021 Sep,"66",52740,43785,8955
2021 Oct,"66",52760,46467,6293
2021 Aug,"67",50840,35556,15284
2021 Sep,"67",50943,42815,8128
2021 Oct,"67",51047,45228,5819
2021 Aug,"68",48690,35251,13439
2021 Sep,"68",48673,42069,6604
2021 Oct,"68",48657,44278,4379
2021 Aug,"69",47580,34810,12770
2021 Sep,"69",47700,41440,6260
2021 Oct,"69",47820,43489,4331
2021 Aug,"70",45710,34309,11401
2021 Sep,"70",45707,41400,4307
2021 Oct,"70",45703,43373,2330
2021 Aug,"71",44800,33450,11350
2021 Sep,"71",44903,40078,4825
2021 Oct,"71",45007,41907,3100
2021 Aug,"72",43620,32398,11222
2021 Sep,"72",43607,38550,5057
2021 Oct,"72",43593,40257,3336
2021 Aug,"73",42850,31203,11647
2021 Sep,"73",42857,36772,6085
2021 Oct,"73",42863,38355,4508
2021 Aug,"74",42530,29791,12739
2021 Sep,"74",42413,34495,7918
2021 Oct,"74",42297,35937,6360
2021 Aug,"75",36190,28053,8137
2021 Sep,"75",36893,31019,5874
2021 Oct,"75",37597,32267,5330
2021 Aug,"76",32970,26426,6544
2021 Sep,"76",33103,28638,4465
2021 Oct,"76",33237,29765,3472
2021 Aug,"77",30090,24714,5376
2021 Sep,"77",30233,26423,3810
2021 Oct,"77",30377,27449,2928
2021 Aug,"78",26250,22933,3317
2021 Sep,"78",26483,24294,2189
2021 Oct,"78",26717,25234,1483
2021 Aug,"79",27410,21231,6179
2021 Sep,"79",27137,22526,4611
2021 Oct,"79",26863,23399,3464
2021 Aug,"80",26290,19485,6805
2021 Sep,"80",26347,21473,4874
2021 Oct,"80",26403,22335,4068
2021 Aug,"81",23840,17766,6074
2021 Sep,"81",23967,19849,4118
2021 Oct,"81",24093,20662,3431
2021 Aug,"82",20540,16077,4463
2021 Sep,"82",20753,18186,2567
2021 Oct,"82",20967,18946,2021
2021 Aug,"83",18510,14387,4123
2021 Sep,"83",18547,16562,1985
2021 Oct,"83",18583,17274,1309
2021 Aug,"84",16110,12787,3323
2021 Sep,"84",16267,14931,1336
2021 Oct,"84",16423,15590,833
2021 Aug,"85",14410,11229,3181
2021 Sep,"85",14500,12987,1513
2021 Oct,"85",14590,13570,1020
2021 Aug,"86",12490,9754,2736
2021 Sep,"86",12463,11263,1200
2021 Oct,"86",12437,11781,656
2021 Aug,"87",11460,8400,3060
2021 Sep,"87",11533,9673,1860
2021 Oct,"87",11607,10113,1494
2021 Aug,"88",9890,7158,2732
2021 Sep,"88",9890,8191,1699
2021 Oct,"88",9890,8538,1352
2021 Aug,"89",8550,6022,2528
2021 Sep,"89",8560,6822,1738
2021 Oct,"89",8570,7114,1456
2021 Aug,"90",7460,5028,2432
2021 Sep,"90",7463,5663,1800
2021 Oct,"90",7467,5876,1591
2021 Aug,"91",6470,4132,2338
2021 Sep,"91",6490,4599,1891
2021 Oct,"91",6510,4726,1784
2021 Aug,"92",5160,3357,1803
2021 Sep,"92",5193,3681,1512
2021 Oct,"92",5227,3755,1472
2021 Aug,"93",4000,2705,1295
2021 Sep,"93",4033,2914,1119
2021 Oct,"93",4067,2944,1123
2021 Aug,"94",3200,2172,1028
2021 Sep,"94",3177,2286,891
2021 Oct,"94",3153,2291,862
2021 Aug,"95+",8200,8352,-152
2021 Sep,"95+",8237,8576,-339
2021 Oct,"95+",8273,8584,-311
2021 Nov,"10",66840,19463,47377
2021 Dec,"10",66823,26609,40214
2022 Jan,"10",66807,33872,32935
2021 Nov,"11",68390,21990,46400
2021 Dec,"11",68307,29696,38611
2022 Jan,"11",68223,37527,30696
2021 Nov,"12",67700,51222,16478
2021 Dec,"12",67823,51222,16601
2022 Jan,"12",67947,51222,16725
2021 Nov,"13",68010,54131,13879
2021 Dec,"13",67903,54355,13548
2022 Jan,"13",67797,54355,13442
2021 Nov,"14",67350,54470,12880
2021 Dec,"14",67490,56687,10803
2022 Jan,"14",67630,56687,10943
2021 Nov,"15",64220,53710,10510
2021 Dec,"15",64507,57895,6612
2022 Jan,"15",64793,58272,6521
2021 Nov,"16",62610,53076,9534
2021 Dec,"16",62667,57242,5425
2022 Jan,"16",62723,58483,4240
2021 Nov,"17",62690,52724,9966
2021 Dec,"17",62707,56698,6009
2022 Jan,"17",62723,57844,4879
2021 Nov,"18",62170,52613,9557
2021 Dec,"18",62160,56471,5689
2022 Jan,"18",62150,57538,4612
2021 Nov,"19",61650,52741,8909
2021 Dec,"19",61663,56560,5103
2022 Jan,"19",61677,57588,4089
2021 Nov,"20",63820,53064,10756
2021 Dec,"20",63477,57043,6434
2022 Jan,"20",63133,58093,5040
2021 Nov,"21",66290,53703,12587
2021 Dec,"21",66100,57761,8339
2022 Jan,"21",65910,58794,7116
2021 Nov,"22",64930,54601,10329
2021 Dec,"22",65103,58795,6308
2022 Jan,"22",65277,59431,5846
2021 Nov,"23",64780,55606,9174
2021 Dec,"23",64500,59856,4644
2022 Jan,"23",64220,60373,3847
2021 Nov,"24",66930,56824,10106
2021 Dec,"24",66823,61019,5804
2022 Jan,"24",66717,61378,5339
2021 Nov,"25",68580,58280,10300
2021 Dec,"25",68087,62243,5844
2022 Jan,"25",67593,62460,5133
2021 Nov,"26",70360,59613,10747
2021 Dec,"26",70117,63744,6373
2022 Jan,"26",69873,64038,5835
2021 Nov,"27",71540,60968,10572
2021 Dec,"27",71373,65411,5962
2022 Jan,"27",71207,65977,5230
2021 Nov,"28",74050,62389,11661
2021 Dec,"28",73543,66883,6660
2022 Jan,"28",73037,67615,5422
2021 Nov,"29",77520,63446,14074
2021 Dec,"29",77093,67896,9197
2022 Jan,"29",76667,69052,7615
2021 Nov,"30",78800,64494,14306
2021 Dec,"30",78767,68882,9885
2022 Jan,"30",78733,70303,8430
2021 Nov,"31",79810,64935,14875
2021 Dec,"31",79880,69188,10692
2022 Jan,"31",79950,70607,9343
2021 Nov,"32",77380,64962,12418
2021 Dec,"32",77460,69050,8410
2022 Jan,"32",77540,70446,7094
2021 Nov,"33",75890,64354,11536
2021 Dec,"33",75850,68217,7633
2022 Jan,"33",75810,69554,6256
2021 Nov,"34",74250,63448,10802
2021 Dec,"34",74657,67066,7591
2022 Jan,"34",75063,68337,6726
2021 Nov,"35",70990,61765,9225
2021 Dec,"35",71027,65073,5954
2022 Jan,"35",71063,66230,4833
2021 Nov,"36",69470,60181,9289
2021 Dec,"36",69497,63216,6281
2022 Jan,"36",69523,64278,5245
2021 Nov,"37",68390,58781,9609
2021 Dec,"37",68470,61577,6893
2022 Jan,"37",68550,62552,5998
2021 Nov,"38",67430,57546,9884
2021 Dec,"38",67433,60143,7290
2022 Jan,"38",67437,61044,6393
2021 Nov,"39",67280,56302,10978
2021 Dec,"39",67253,58719,8534
2022 Jan,"39",67227,59548,7679
2021 Nov,"40",64770,55362,9408
2021 Dec,"40",64947,57654,7293
2022 Jan,"40",65123,58441,6682
2021 Nov,"41",64220,54869,9351
2021 Dec,"41",64250,57043,7207
2022 Jan,"41",64280,57772,6508
2021 Nov,"42",63080,54636,8444
2021 Dec,"42",63187,56721,6466
2022 Jan,"42",63293,57396,5897
2021 Nov,"43",61390,54607,6783
2021 Dec,"43",61427,56613,4814
2022 Jan,"43",61463,57242,4221
2021 Nov,"44",60550,54937,5613
2021 Dec,"44",60580,56878,3702
2022 Jan,"44",60610,57461,3149
2021 Nov,"45",60830,55682,5148
2021 Dec,"45",60813,57157,3656
2022 Jan,"45",60797,57204,3593
2021 Nov,"46",61300,56205,5095
2021 Dec,"46",61057,57035,4022
2022 Jan,"46",60813,57035,3778
2021 Nov,"47",63470,56905,6565
2021 Dec,"47",63357,57485,5872
2022 Jan,"47",63243,57485,5758
2021 Nov,"48",65110,57550,7560
2021 Dec,"48",64953,58359,6594
2022 Jan,"48",64797,58359,6438
2021 Nov,"49",68010,58056,9954
2021 Dec,"49",67737,59082,8655
2022 Jan,"49",67463,59082,8381
2021 Nov,"50",68620,58463,10157
2021 Dec,"50",68557,60150,8407
2022 Jan,"50",68493,60720,7773
2021 Nov,"51",67650,58769,8881
2021 Dec,"51",67753,60414,7339
2022 Jan,"51",67857,60992,6865
2021 Nov,"52",66510,58896,7614
2021 Dec,"52",66513,60492,6021
2022 Jan,"52",66517,61058,5459
2021 Nov,"53",66020,58904,7116
2021 Dec,"53",66127,60446,5681
2022 Jan,"53",66233,60992,5241
2021 Nov,"54",63800,58817,4983
2021 Dec,"54",63883,60302,3581
2022 Jan,"54",63967,60824,3143
2021 Nov,"55",62810,58485,4325
2021 Dec,"55",62857,59850,3007
2022 Jan,"55",62903,60013,2890
2021 Nov,"56",63100,58206,4894
2021 Dec,"56",63047,59435,3612
2022 Jan,"56",62993,59534,3459
2021 Nov,"57",64500,57886,6614
2021 Dec,"57",64223,58878,5345
2022 Jan,"57",63947,58912,5035
2021 Nov,"58",65630,57497,8133
2021 Dec,"58",65477,58328,7149
2022 Jan,"58",65323,58345,6978
2021 Nov,"59",65840,56918,8922
2021 Dec,"59",65933,57951,7982
2022 Jan,"59",66027,58041,7986
2021 Nov,"60",63970,56479,7491
2021 Dec,"60",64113,57525,6588
2022 Jan,"60",64257,57921,6336
2021 Nov,"61",62250,55491,6759
2021 Dec,"61",62283,56457,5826
2022 Jan,"61",62317,56859,5458
2021 Nov,"62",59650,54350,5300
2021 Dec,"62",59830,55238,4592
2022 Jan,"62",60010,55615,4395
2021 Nov,"63",58130,52902,5228
2021 Dec,"63",58213,53715,4498
2022 Jan,"63",58297,54081,4216
2021 Nov,"64",56490,51221,5269
2021 Dec,"64",56637,51959,4678
2022 Jan,"64",56783,52355,4428
2021 Nov,"65",54730,48989,5741
2021 Dec,"65",54713,49653,5060
2022 Jan,"65",54697,49993,4704
2021 Nov,"66",52780,47615,5165
2021 Dec,"66",52847,48218,4629
2022 Jan,"66",52913,48504,4409
2021 Nov,"67",51150,46282,4868
2021 Dec,"67",51217,46829,4388
2022 Jan,"67",51283,47067,4216
2021 Nov,"68",48640,45252,3388
2021 Dec,"68",48780,45751,3029
2022 Jan,"68",48920,45899,3021
2021 Nov,"69",47940,44394,3546
2021 Dec,"69",47980,44685,3295
2022 Jan,"69",48020,44690,3330
2021 Nov,"70",45700,44213,1487
2021 Dec,"70",45843,44371,1472
2022 Jan,"70",45987,44371,1616
2021 Nov,"71",45110,42677,2433
2021 Dec,"71",45023,42774,2249
2022 Jan,"71",44937,42774,2163
2021 Nov,"72",43580,40976,2604
2021 Dec,"72",43627,41116,2511
2022 Jan,"72",43673,41116,2557
2021 Nov,"73",42870,39024,3846
2021 Dec,"73",42793,39282,3511
2022 Jan,"73",42717,39294,3423
2021 Nov,"74",42180,36550,5630
2021 Dec,"74",42163,36840,5323
2022 Jan,"74",42147,36973,5174
2021 Nov,"75",38300,32815,5485
2021 Dec,"75",38877,33063,5814
2022 Jan,"75",39453,33230,6223
2021 Nov,"76",33370,30266,3104
2021 Dec,"76",33523,30486,3037
2022 Jan,"76",33677,30686,2991
2021 Nov,"77",30520,27909,2611
2021 Dec,"77",30573,28107,2466
2022 Jan,"77",30627,28333,2294
2021 Nov,"78",26950,25658,1292
2021 Dec,"78",27323,25837,1486
2022 Jan,"78",27697,26069,1628
2021 Nov,"79",26590,23794,2796
2021 Dec,"79",26257,23960,2297
2022 Jan,"79",25923,24150,1773
2021 Nov,"80",26460,22714,3746
2021 Dec,"80",26573,22878,3695
2022 Jan,"80",26687,23042,3645
2021 Nov,"81",24220,21018,3202
2021 Dec,"81",24373,21173,3200
2022 Jan,"81",24527,21313,3214
2021 Nov,"82",21180,19279,1901
2021 Dec,"82",21207,19426,1781
2022 Jan,"82",21233,19546,1687
2021 Nov,"83",18620,17586,1034
2021 Dec,"83",18783,17726,1057
2022 Jan,"83",18947,17801,1146
2021 Nov,"84",16580,15881,699
2021 Dec,"84",16647,15997,650
2022 Jan,"84",16713,16006,707
2021 Nov,"85",14680,13799,881
2021 Dec,"85",14660,13809,851
2022 Jan,"85",14640,13809,831
2021 Nov,"86",12410,11989,421
2021 Dec,"86",12517,11999,518
2022 Jan,"86",12623,11999,624
2021 Nov,"87",11680,10193,1487
2021 Dec,"87",11637,10193,1444
2022 Jan,"87",11593,10193,1400
2021 Nov,"88",9890,8569,1321
2021 Dec,"88",9960,8569,1391
2022 Jan,"88",10030,8569,1461
2021 Nov,"89",8580,7137,1443
2021 Dec,"89",8573,7137,1436
2022 Jan,"89",8567,7137,1430
2021 Nov,"90",7470,5881,1589
2021 Dec,"90",7450,5881,1569
2022 Jan,"90",7430,5881,1549
2021 Nov,"91",6530,4726,1804
2021 Dec,"91",6533,4726,1807
2022 Jan,"91",6537,4726,1811
2021 Nov,"92",5260,3755,1505
2021 Dec,"92",5287,3755,1532
2022 Jan,"92",5313,3755,1558
2021 Nov,"93",4100,2944,1156
2021 Dec,"93",4110,2944,1166
2022 Jan,"93",4120,2944,1176
2021 Nov,"94",3130,2291,839
2021 Dec,"94",3120,2291,829
2022 Jan,"94",3110,2291,819
2021 Nov,"95+",8310,8584,-274
2021 Dec,"95+",8350,8584,-234
2022 Jan,"95+",8390,8584,-194
2022 Feb,"5",63070,10484,52586
2022 Mar,"5",63093,11522,51571
2022 Apr,"5",63117,11522,51595
2022 Feb,"6",63510,19036,44474
2022 Mar,"6",63493,19036,44457
2022 Apr,"6",63477,19036,44441
2022 Feb,"7",64590,25919,38671
2022 Mar,"7",64483,25919,38564
2022 Apr,"7",64377,25919,38458
2022 Feb,"8",64120,32166,31954
2022 Mar,"8",64283,32166,32117
2022 Apr,"8",64447,32166,32281
2022 Feb,"9",67330,37783,29547
2022 Mar,"9",67030,37783,29247
2022 Apr,"9",66730,37783,28947
2022 Feb,"10",66790,40658,26132
2022 Mar,"10",66897,42776,24121
2022 Apr,"10",67003,42776,24227
2022 Feb,"11",68140,44845,23295
2022 Mar,"11",68013,47128,20885
2022 Apr,"11",67887,47128,20759
2022 Feb,"12",68070,51222,16848
2022 Mar,"12",68237,51222,17015
2022 Apr,"12",68403,51222,17181
2022 Feb,"13",67690,54355,13335
2022 Mar,"13",67650,54355,13295
2022 Apr,"13",67610,54355,13255
2022 Feb,"14",67770,56687,11083
2022 Mar,"14",67763,56687,11076
2022 Apr,"14",67757,56687,11070
2022 Feb,"15",65080,58272,6808
2022 Mar,"15",65437,58272,7165
2022 Apr,"15",65793,58272,7521
2022 Feb,"16",62780,59166,3614
2022 Mar,"16",62987,59521,3466
2022 Apr,"16",63193,59521,3672
2022 Feb,"17",62740,59026,3714
2022 Mar,"17",62657,60140,2517
2022 Apr,"17",62573,60140,2433
2022 Feb,"18",62140,58592,3548
2022 Mar,"18",62230,59375,2855
2022 Apr,"18",62320,59375,2945
2022 Feb,"19",61690,58675,3015
2022 Mar,"19",61820,59480,2340
2022 Apr,"19",61950,59480,2470
2022 Feb,"20",62790,58957,3833
2022 Mar,"20",62697,59574,3123
2022 Apr,"20",62603,59574,3029
2022 Feb,"21",65720,59243,6477
2022 Mar,"21",65413,59453,5960
2022 Apr,"21",65107,59461,5646
2022 Feb,"22",65450,59443,6007
2022 Mar,"22",65497,59681,5816
2022 Apr,"22",65543,59715,5828
2022 Feb,"23",63940,60380,3560
2022 Mar,"23",63960,60467,3493
2022 Apr,"23",63980,60468,3512
2022 Feb,"24",66610,61378,5232
2022 Mar,"24",66353,61378,4975
2022 Apr,"24",66097,61378,4719
2022 Feb,"25",67100,62460,4640
2022 Mar,"25",66933,62460,4473
2022 Apr,"25",66767,62460,4307
2022 Feb,"26",69630,64038,5592
2022 Mar,"26",69303,64038,5265
2022 Apr,"26",68977,64038,4939
2022 Feb,"27",71040,65977,5063
2022 Mar,"27",70773,65977,4796
2022 Apr,"27",70507,65977,4530
2022 Feb,"28",72530,67615,4915
2022 Mar,"28",72257,67615,4642
2022 Apr,"28",71983,67615,4368
2022 Feb,"29",76240,69148,7092
2022 Mar,"29",75917,69148,6769
2022 Apr,"29",75593,69148,6445
2022 Feb,"30",78700,71184,7516
2022 Mar,"30",78453,71756,6697
2022 Apr,"30",78207,71879,6328
2022 Feb,"31",80020,71561,8459
2022 Mar,"31",79773,72160,7613
2022 Apr,"31",79527,72293,7234
2022 Feb,"32",77620,71349,6271
2022 Mar,"32",77973,71768,6205
2022 Apr,"32",78327,71909,6418
2022 Feb,"33",75770,70432,5338
2022 Mar,"33",75807,70848,4959
2022 Apr,"33",75843,70997,4846
2022 Feb,"34",75470,69252,6218
2022 Mar,"34",75427,69758,5669
2022 Apr,"34",75383,69911,5472
2022 Feb,"35",71100,67012,4088
2022 Mar,"35",71457,67388,4069
2022 Apr,"35",71813,67522,4291
2022 Feb,"36",69550,65019,4531
2022 Mar,"36",69700,65409,4291
2022 Apr,"36",69850,65537,4313
2022 Feb,"37",68630,63260,5370
2022 Mar,"37",68703,63678,5025
2022 Apr,"37",68777,63799,4978
2022 Feb,"38",67440,61718,5722
2022 Mar,"38",67657,62145,5512
2022 Apr,"38",67873,62260,5613
2022 Feb,"39",67200,60165,7035
2022 Mar,"39",67173,60556,6617
2022 Apr,"39",67147,60665,6482
2022 Feb,"40",65300,59063,6237
2022 Mar,"40",65480,59447,6033
2022 Apr,"40",65660,59557,6103
2022 Feb,"41",64310,58297,6013
2022 Mar,"41",64310,58645,5665
2022 Apr,"41",64310,58747,5563
2022 Feb,"42",63400,57799,5601
2022 Mar,"42",63390,58088,5302
2022 Apr,"42",63380,58180,5200
2022 Feb,"43",61500,57528,3972
2022 Mar,"43",61803,57756,4047
2022 Apr,"43",62107,57838,4269
2022 Feb,"44",60640,57606,3034
2022 Mar,"44",60567,57766,2801
2022 Apr,"44",60493,57837,2656
2022 Feb,"45",60780,57204,3576
2022 Mar,"45",60833,57204,3629
2022 Apr,"45",60887,57204,3683
2022 Feb,"46",60570,57035,3535
2022 Mar,"46",60530,57035,3495
2022 Apr,"46",60490,57035,3455
2022 Feb,"47",63130,57485,5645
2022 Mar,"47",62867,57485,5382
2022 Apr,"47",62603,57485,5118
2022 Feb,"48",64640,58359,6281
2022 Mar,"48",64563,58359,6204
2022 Apr,"48",64487,58359,6128
2022 Feb,"49",67190,59082,8108
2022 Mar,"49",66910,59082,7828
2022 Apr,"49",66630,59082,7548
2022 Feb,"50",68430,60994,7436
2022 Mar,"50",68413,61058,7355
2022 Apr,"50",68397,61059,7338
2022 Feb,"51",67960,61362,6598
2022 Mar,"51",68170,61490,6680
2022 Apr,"51",68380,61491,6889
2022 Feb,"52",66520,61471,5049
2022 Mar,"52",66417,61702,4715
2022 Apr,"52",66313,61703,4610
2022 Feb,"53",66340,61374,4966
2022 Mar,"53",66317,61597,4720
2022 Apr,"53",66293,61598,4695
2022 Feb,"54",64050,61149,2901
2022 Mar,"54",64243,61304,2939
2022 Apr,"54",64437,61305,3132
2022 Feb,"55",62950,60013,2937
2022 Mar,"55",63053,60013,3040
2022 Apr,"55",63157,60013,3144
2022 Feb,"56",62940,59534,3406
2022 Mar,"56",62770,59534,3236
2022 Apr,"56",62600,59534,3066
2022 Feb,"57",63670,58912,4758
2022 Mar,"57",63560,58912,4648
2022 Apr,"57",63450,58912,4538
2022 Feb,"58",65170,58345,6825
2022 Mar,"58",65013,58345,6668
2022 Apr,"58",64857,58345,6512
2022 Feb,"59",66120,58041,8079
2022 Mar,"59",65990,58041,7949
2022 Apr,"59",65860,58041,7819
2022 Feb,"60",64400,58084,6316
2022 Mar,"60",64540,58106,6434
2022 Apr,"60",64680,58106,6574
2022 Feb,"61",62350,57137,5213
2022 Mar,"61",62540,57179,5361
2022 Apr,"61",62730,57179,5551
2022 Feb,"62",60190,55881,4309
2022 Mar,"62",60257,55922,4335
2022 Apr,"62",60323,55922,4401
2022 Feb,"63",58380,54396,3984
2022 Mar,"63",58677,54445,4232
2022 Apr,"63",58973,54445,4528
2022 Feb,"64",56930,52876,4054
2022 Mar,"64",56880,52962,3918
2022 Apr,"64",56830,52962,3868
2022 Feb,"65",54680,50383,4297
2022 Mar,"65",54790,50446,4344
2022 Apr,"65",54900,50446,4454
2022 Feb,"66",52980,48755,4225
2022 Mar,"66",53113,48794,4319
2022 Apr,"66",53247,48794,4453
2022 Feb,"67",51350,47205,4145
2022 Mar,"67",51390,47225,4165
2022 Apr,"67",51430,47225,4205
2022 Feb,"68",49060,45908,3152
2022 Mar,"68",49293,45908,3385
2022 Apr,"68",49527,45908,3619
2022 Feb,"69",48060,44690,3370
2022 Mar,"69",47973,44690,3283
2022 Apr,"69",47887,44690,3197
2022 Feb,"70",46130,44371,1759
2022 Mar,"70",46230,44371,1859
2022 Apr,"70",46330,44371,1959
2022 Feb,"71",44850,42774,2076
2022 Mar,"71",44813,42774,2039
2022 Apr,"71",44777,42774,2003
2022 Feb,"72",43720,41116,2604
2022 Mar,"72",43807,41116,2691
2022 Apr,"72",43893,41116,2777
2022 Feb,"73",42640,39294,3346
2022 Mar,"73",42577,39294,3283
2022 Apr,"73",42513,39294,3219
2022 Feb,"74",42130,37105,5025
2022 Mar,"74",42160,37127,5033
2022 Apr,"74",42190,37127,5063
2022 Feb,"75",40030,33558,6472
2022 Mar,"75",40340,33614,6726
2022 Apr,"75",40650,33614,7036
2022 Feb,"76",33830,31185,2645
2022 Mar,"76",33880,31271,2609
2022 Apr,"76",33930,31271,2659
2022 Feb,"77",30680,28969,1711
2022 Mar,"77",30873,29079,1794
2022 Apr,"77",31067,29079,1988
2022 Feb,"78",28070,26758,1312
2022 Mar,"78",28380,26878,1502
2022 Apr,"78",28690,26878,1812
2022 Feb,"79",25590,24690,900
2022 Mar,"79",25353,24784,569
2022 Apr,"79",25117,24784,333
2022 Feb,"80",26800,23484,3316
2022 Mar,"80",26800,23561,3239
2022 Apr,"80",26800,23561,3239
2022 Feb,"81",24680,21674,3006
2022 Mar,"81",24773,21737,3036
2022 Apr,"81",24867,21737,3130
2022 Feb,"82",21260,19841,1419
2022 Mar,"82",21497,19892,1605
2022 Apr,"82",21733,19892,1841
2022 Feb,"83",19110,17931,1179
2022 Mar,"83",19090,17954,1136
2022 Apr,"83",19070,17954,1116
2022 Feb,"84",16780,16006,774
2022 Mar,"84",16830,16006,824
2022 Apr,"84",16880,16006,874
2022 Feb,"85",14620,13809,811
2022 Mar,"85",14673,13809,864
2022 Apr,"85",14727,13809,918
2022 Feb,"86",12730,11999,731
2022 Mar,"86",12803,11999,804
2022 Apr,"86",12877,11999,878
2022 Feb,"87",11550,10193,1357
2022 Mar,"87",11520,10193,1327
2022 Apr,"87",11490,10193,1297
2022 Feb,"88",10100,8569,1531
2022 Mar,"88",10103,8569,1534
2022 Apr,"88",10107,8569,1538
2022 Feb,"89",8560,7137,1423
2022 Mar,"89",8580,7137,1443
2022 Apr,"89",8600,7137,1463
2022 Feb,"90",7410,5881,1529
2022 Mar,"90",7390,5881,1509
2022 Apr,"90",7370,5881,1489
2022 Feb,"91",6540,4726,1814
2022 Mar,"91",6497,4726,1771
2022 Apr,"91",6453,4726,1727
2022 Feb,"92",5340,3755,1585
2022 Mar,"92",5310,3755,1555
2022 Apr,"92",5280,3755,1525
2022 Feb,"93",4130,2944,1186
2022 Mar,"93",4180,2944,1236
2022 Apr,"93",4230,2944,1286
2022 Feb,"94",3100,2291,809
2022 Mar,"94",3103,2291,812
2022 Apr,"94",3107,2291,816
2022 Feb,"95+",8430,8584,-154
2022 Mar,"95+",8400,8584,-184
2022 Apr,"95+",8370,8584,-214
2022 May,"5",63140,11522,51618
2022 Jun,"5",62987,11522,51465
2022 Jul,"5",62833,11522,51311
2022 May,"6",63460,19036,44424
2022 Jun,"6",63637,19036,44601
2022 Jul,"6",63813,19036,44777
2022 May,"7",64270,25919,38351
2022 Jun,"7",64267,25919,38348
2022 Jul,"7",64263,25919,38344
2022 May,"8",64610,32166,32444
2022 Jun,"8",64593,32166,32427
2022 Jul,"8",64577,32166,32411
2022 May,"9",66430,37783,28647
2022 Jun,"9",66257,37783,28474
2022 Jul,"9",66083,37783,28300
2022 May,"10",67110,42776,24334
2022 Jun,"10",67187,42776,24411
2022 Jul,"10",67263,42776,24487
2022 May,"11",67760,47128,20632
2022 Jun,"11",67730,47128,20602
2022 Jul,"11",67700,47128,20572
2022 May,"12",68570,51222,17348
2022 Jun,"12",68623,51222,17401
2022 Jul,"12",68677,51222,17455
2022 May,"13",67570,54355,13215
2022 Jun,"13",67663,54355,13308
2022 Jul,"13",67757,54355,13402
2022 May,"14",67750,56687,11063
2022 Jun,"14",67860,56687,11173
2022 Jul,"14",67970,56687,11283
2022 May,"15",66150,58272,7878
2022 Jun,"15",66520,58272,8248
2022 Jul,"15",66890,58272,8618
2022 May,"16",63400,59521,3879
2022 Jun,"16",63617,59521,4096
2022 Jul,"16",63833,59521,4312
2022 May,"17",62490,60140,2350
2022 Jun,"17",62550,60140,2410
2022 Jul,"17",62610,60140,2470
2022 May,"18",62410,59375,3035
2022 Jun,"18",62543,59375,3168
2022 Jul,"18",62677,59375,3302
2022 May,"19",62080,59480,2600
2022 Jun,"19",62027,59480,2547
2022 Jul,"19",61973,59480,2493
2022 May,"20",62510,59574,2936
2022 Jun,"20",62497,59574,2923
2022 Jul,"20",62483,59574,2909
2022 May,"21",64800,59461,5339
2022 Jun,"21",64627,59461,5166
2022 Jul,"21",64453,59461,4992
2022 May,"22",65590,59715,5875
2022 Jun,"22",65713,59715,5998
2022 Jul,"22",65837,59715,6122
2022 May,"23",64000,60468,3532
2022 Jun,"23",64113,60468,3645
2022 Jul,"23",64227,60468,3759
2022 May,"24",65840,61378,4462
2022 Jun,"24",65647,61378,4269
2022 Jul,"24",65453,61378,4075
2022 May,"25",66600,62460,4140
2022 Jun,"25",66630,62460,4170
2022 Jul,"25",66660,62460,4200
2022 May,"26",68650,64038,4612
2022 Jun,"26",68460,64038,4422
2022 Jul,"26",68270,64038,4232
2022 May,"27",70240,65977,4263
2022 Jun,"27",70307,65977,4330
2022 Jul,"27",70373,65977,4396
2022 May,"28",71710,67615,4095
2022 Jun,"28",71677,67615,4062
2022 Jul,"28",71643,67615,4028
2022 May,"29",75270,69148,6122
2022 Jun,"29",75090,69148,5942
2022 Jul,"29",74910,69148,5762
2022 May,"30",77960,71930,6030
2022 Jun,"30",77993,71964,6029
2022 Jul,"30",78027,71965,6062
2022 May,"31",79280,72350,6930
2022 Jun,"31",79330,72411,6919
2022 Jul,"31",79380,72466,6914
2022 May,"32",78680,71971,6709
2022 Jun,"32",79027,72034,6993
2022 Jul,"32",79373,72095,7278
2022 May,"33",75880,71066,4814
2022 Jun,"33",76137,71132,5005
2022 Jul,"33",76393,71200,5193
2022 May,"34",75340,69984,5356
2022 Jun,"34",75577,70052,5525
2022 Jul,"34",75813,70124,5689
2022 May,"35",72170,67584,4586
2022 Jun,"35",72670,67642,5028
2022 Jul,"35",73170,67700,5470
2022 May,"36",70000,65597,4403
2022 Jun,"36",70220,65653,4567
2022 Jul,"36",70440,65709,4731
2022 May,"37",68850,63856,4994
2022 Jun,"37",69083,63910,5173
2022 Jul,"37",69317,63964,5353
2022 May,"38",68090,62315,5775
2022 Jun,"38",68143,62367,5776
2022 Jul,"38",68197,62419,5778
2022 May,"39",67120,60717,6403
2022 Jun,"39",67197,60766,6431
2022 Jul,"39",67273,60816,6457
2022 May,"40",65840,59612,6228
2022 Jun,"40",66073,59664,6409
2022 Jul,"40",66307,59723,6584
2022 May,"41",64310,58796,5514
2022 Jun,"41",64533,58843,5690
2022 Jul,"41",64757,58891,5866
2022 May,"42",63370,58222,5148
2022 Jun,"42",63583,58265,5318
2022 Jul,"42",63797,58297,5500
2022 May,"43",62410,57873,4537
2022 Jun,"43",62483,57907,4576
2022 Jul,"43",62557,57914,4643
2022 May,"44",60420,57859,2561
2022 Jun,"44",60570,57862,2708
2022 Jul,"44",60720,57862,2858
2022 May,"45",60940,57204,3736
2022 Jun,"45",60923,57204,3719
2022 Jul,"45",60907,57204,3703
2022 May,"46",60450,57035,3415
2022 Jun,"46",60507,57035,3472
2022 Jul,"46",60563,57035,3528
2022 May,"47",62340,57485,4855
2022 Jun,"47",62210,57485,4725
2022 Jul,"47",62080,57485,4595
2022 May,"48",64410,58359,6051
2022 Jun,"48",64180,58359,5821
2022 Jul,"48",63950,58359,5591
2022 May,"49",66350,59082,7268
2022 Jun,"49",66070,59082,6988
2022 Jul,"49",65790,59082,6708
2022 May,"50",68380,61059,7321
2022 Jun,"50",68303,61059,7244
2022 Jul,"50",68227,61059,7168
2022 May,"51",68590,61491,7099
2022 Jun,"51",68653,61491,7162
2022 Jul,"51",68717,61491,7226
2022 May,"52",66210,61703,4507
2022 Jun,"52",66343,61703,4640
2022 Jul,"52",66477,61703,4774
2022 May,"53",66270,61598,4672
2022 Jun,"53",66333,61598,4735
2022 Jul,"53",66397,61598,4799
2022 May,"54",64630,61305,3325
2022 Jun,"54",64717,61305,3412
2022 Jul,"54",64803,61305,3498
2022 May,"55",63260,60013,3247
2022 Jun,"55",63310,60013,3297
2022 Jul,"55",63360,60013,3347
2022 May,"56",62430,59534,2896
2022 Jun,"56",62437,59534,2903
2022 Jul,"56",62443,59534,2909
2022 May,"57",63340,58912,4428
2022 Jun,"57",63190,58912,4278
2022 Jul,"57",63040,58912,4128
2022 May,"58",64700,58345,6355
2022 Jun,"58",64527,58345,6182
2022 Jul,"58",64353,58345,6008
2022 May,"59",65730,58041,7689
2022 Jun,"59",65700,58041,7659
2022 Jul,"59",65670,58041,7629
2022 May,"60",64820,58106,6714
2022 Jun,"60",64840,58106,6734
2022 Jul,"60",64860,58106,6754
2022 May,"61",62920,57179,5741
2022 Jun,"61",63093,57179,5914
2022 Jul,"61",63267,57179,6088
2022 May,"62",60390,55922,4468
2022 Jun,"62",60530,55922,4608
2022 Jul,"62",60670,55922,4748
2022 May,"63",59270,54445,4825
2022 Jun,"63",59267,54445,4822
2022 Jul,"63",59263,54445,4818
2022 May,"64",56780,52962,3818
2022 Jun,"64",56893,52962,3931
2022 Jul,"64",57007,52962,4045
2022 May,"65",55010,50446,4564
2022 Jun,"65",55203,50446,4757
2022 Jul,"65",55397,50446,4951
2022 May,"66",53380,48794,4586
2022 Jun,"66",53463,48794,4669
2022 Jul,"66",53547,48794,4753
2022 May,"67",51470,47225,4245
2022 Jun,"67",51623,47225,4398
2022 Jul,"67",51777,47225,4552
2022 May,"68",49760,45908,3852
2022 Jun,"68",49847,45908,3939
2022 Jul,"68",49933,45908,4025
2022 May,"69",47800,44690,3110
2022 Jun,"69",47847,44690,3157
2022 Jul,"69",47893,44690,3203
2022 May,"70",46430,44371,2059
2022 Jun,"70",46537,44371,2166
2022 Jul,"70",46643,44371,2272
2022 May,"71",44740,42774,1966
2022 Jun,"71",44790,42774,2016
2022 Jul,"71",44840,42774,2066
2022 May,"72",43980,41116,2864
2022 Jun,"72",43953,41116,2837
2022 Jul,"72",43927,41116,2811
2022 May,"73",42450,39294,3156
2022 Jun,"73",42530,39294,3236
2022 Jul,"73",42610,39294,3316
2022 May,"74",42220,37127,5093
2022 Jun,"74",42113,37127,4986
2022 Jul,"74",42007,37127,4880
2022 May,"75",40960,33614,7346
2022 Jun,"75",41130,33614,7516
2022 Jul,"75",41300,33710,7590
2022 May,"76",33980,31271,2709
2022 Jun,"76",34353,31271,3082
2022 Jul,"76",34727,31418,3309
2022 May,"77",31260,29079,2181
2022 Jun,"77",31493,29079,2414
2022 Jul,"77",31727,29261,2466
2022 May,"78",29000,26878,2122
2022 Jun,"78",29013,26878,2135
2022 Jul,"78",29027,27091,1936
2022 May,"79",24880,24784,96
2022 Jun,"79",25003,24784,219
2022 Jul,"79",25127,25016,111
2022 May,"80",26800,23561,3239
2022 Jun,"80",26620,23561,3059
2022 Jul,"80",26440,23769,2671
2022 May,"81",24960,21737,3223
2022 Jun,"81",25020,21737,3283
2022 Jul,"81",25080,21931,3149
2022 May,"82",21970,19892,2078
2022 Jun,"82",22170,19892,2278
2022 Jul,"82",22370,20071,2299
2022 May,"83",19050,17954,1096
2022 Jun,"83",19140,17954,1186
2022 Jul,"83",19230,18115,1115
2022 May,"84",16930,16006,924
2022 Jun,"84",17050,16006,1044
2022 Jul,"84",17170,16140,1030
2022 May,"85",14780,13809,971
2022 Jun,"85",14807,13809,998
2022 Jul,"85",14833,13920,913
2022 May,"86",12950,11999,951
2022 Jun,"86",13030,11999,1031
2022 Jul,"86",13110,12089,1021
2022 May,"87",11460,10193,1267
2022 Jun,"87",11403,10193,1210
2022 Jul,"87",11347,10263,1084
2022 May,"88",10110,8569,1541
2022 Jun,"88",10140,8569,1571
2022 Jul,"88",10170,8622,1548
2022 May,"89",8620,7137,1483
2022 Jun,"89",8623,7137,1486
2022 Jul,"89",8627,7176,1451
2022 May,"90",7350,5881,1469
2022 Jun,"90",7343,5881,1462
2022 Jul,"90",7337,5913,1424
2022 May,"91",6410,4726,1684
2022 Jun,"91",6343,4726,1617
2022 Jul,"91",6277,4752,1525
2022 May,"92",5250,3755,1495
2022 Jun,"92",5270,3755,1515
2022 Jul,"92",5290,3775,1515
2022 May,"93",4280,2944,1336
2022 Jun,"93",4237,2944,1293
2022 Jul,"93",4193,2959,1234
2022 May,"94",3110,2291,819
2022 Jun,"94",3107,2291,816
2022 Jul,"94",3103,2303,800
2022 May,"95+",8340,8584,-244
2022 Jun,"95+",8317,8584,-267
2022 Jul,"95+",8293,8584,-291
2022 Aug,"5",62680,11522,51158
2022 Sep,"5",62760,11522,51238
2022 Oct,"5",62840,11522,51318
2022 Aug,"6",63990,19036,44954
2022 Sep,"6",64053,19036,45017
2022 Oct,"6",64117,19036,45081
2022 Aug,"7",64260,25919,38341
2022 Sep,"7",64217,25919,38298
2022 Oct,"7",64173,25919,38254
2022 Aug,"8",64560,32166,32394
2022 Sep,"8",64690,32166,32524
2022 Oct,"8",64820,32166,32654
2022 Aug,"9",65910,37783,28127
2022 Sep,"9",65690,37783,27907
2022 Oct,"9",65470,37783,27687
2022 Aug,"10",67340,42776,24564
2022 Sep,"10",67687,42776,24911
2022 Oct,"10",68033,42776,25257
2022 Aug,"11",67670,47128,20542
2022 Sep,"11",67560,47128,20432
2022 Oct,"11",67450,47128,20322
2022 Aug,"12",68730,51222,17508
2022 Sep,"12",68773,51222,17551
2022 Oct,"12",68817,51222,17595
2022 Aug,"13",67850,54355,13495
2022 Sep,"13",67963,54355,13608
2022 Oct,"13",68077,54355,13722
2022 Aug,"14",68080,56687,11393
2022 Sep,"14",68203,56687,11516
2022 Oct,"14",68327,56687,11640
2022 Aug,"15",67260,58272,8988
2022 Sep,"15",67480,58272,9208
2022 Oct,"15",67700,58272,9428
2022 Aug,"16",64050,59521,4529
2022 Sep,"16",64320,59521,4799
2022 Oct,"16",64590,59521,5069
2022 Aug,"17",62670,60140,2530
2022 Sep,"17",62773,60140,2633
2022 Oct,"17",62877,60140,2737
2022 Aug,"18",62810,59375,3435
2022 Sep,"18",62763,59375,3388
2022 Oct,"18",62717,59375,3342
2022 Aug,"19",61920,59480,2440
2022 Sep,"19",61987,59480,2507
2022 Oct,"19",62053,59480,2573
2022 Aug,"20",62470,59574,2896
2022 Sep,"20",62350,59574,2776
2022 Oct,"20",62230,59574,2656
2022 Aug,"21",64280,59461,4819
2022 Sep,"21",64190,59461,4729
2022 Oct,"21",64100,59461,4639
2022 Aug,"22",65960,59715,6245
2022 Sep,"22",66087,59715,6372
2022 Oct,"22",66213,59715,6498
2022 Aug,"23",64340,60468,3872
2022 Sep,"23",64520,60468,4052
2022 Oct,"23",64700,60468,4232
2022 Aug,"24",65260,61378,3882
2022 Sep,"24",65143,61378,3765
2022 Oct,"24",65027,61378,3649
2022 Aug,"25",66690,62460,4230
2022 Sep,"25",66800,62460,4340
2022 Oct,"25",66910,62460,4450
2022 Aug,"26",68080,64038,4042
2022 Sep,"26",68330,64038,4292
2022 Oct,"26",68580,64038,4542
2022 Aug,"27",70440,65977,4463
2022 Sep,"27",70533,65977,4556
2022 Oct,"27",70627,65977,4650
2022 Aug,"28",71610,67615,3995
2022 Sep,"28",71800,67615,4185
2022 Oct,"28",71990,67615,4375
2022 Aug,"29",74730,69148,5582
2022 Sep,"29",74817,69148,5669
2022 Oct,"29",74903,69148,5755
2022 Aug,"30",78060,71965,6095
2022 Sep,"30",78240,71965,6275
2022 Oct,"30",78420,71965,6455
2022 Aug,"31",79430,72857,6573
2022 Sep,"31",79590,72958,6632
2022 Oct,"31",79750,72958,6792
2022 Aug,"32",79720,72679,7041
2022 Sep,"32",80127,72894,7233
2022 Oct,"32",80533,72931,7602
2022 Aug,"33",76650,71967,4683
2022 Sep,"33",77267,72267,5000
2022 Oct,"33",77883,72339,5544
2022 Aug,"34",76050,71029,5021
2022 Sep,"34",76377,71393,4984
2022 Oct,"34",76703,71496,5207
2022 Aug,"35",73670,68444,5226
2022 Sep,"35",74223,68751,5472
2022 Oct,"35",74777,68846,5931
2022 Aug,"36",70660,66487,4173
2022 Sep,"36",71093,66814,4279
2022 Oct,"36",71527,66935,4592
2022 Aug,"37",69550,64757,4793
2022 Sep,"37",69837,65096,4741
2022 Oct,"37",70123,65237,4886
2022 Aug,"38",68250,63230,5020
2022 Sep,"38",68567,63578,4989
2022 Oct,"38",68883,63736,5147
2022 Aug,"39",67350,61629,5721
2022 Sep,"39",67623,61979,5644
2022 Oct,"39",67897,62154,5743
2022 Aug,"40",66540,60745,5795
2022 Sep,"40",67023,61176,5847
2022 Oct,"40",67507,61409,6098
2022 Aug,"41",64980,59774,5206
2022 Sep,"41",65113,60147,4966
2022 Oct,"41",65247,60354,4893
2022 Aug,"42",64010,58984,5026
2022 Sep,"42",64300,59275,5025
2022 Oct,"42",64590,59441,5149
2022 Aug,"43",62630,58435,4195
2022 Sep,"43",62930,58651,4279
2022 Oct,"43",63230,58777,4453
2022 Aug,"44",60870,58185,2685
2022 Sep,"44",61157,58309,2848
2022 Oct,"44",61443,58382,3061
2022 Aug,"45",60890,57204,3686
2022 Sep,"45",60880,57204,3676
2022 Oct,"45",60870,57204,3666
2022 Aug,"46",60620,57035,3585
2022 Sep,"46",60770,57035,3735
2022 Oct,"46",60920,57035,3885
2022 Aug,"47",61950,57485,4465
2022 Sep,"47",61797,57485,4312
2022 Oct,"47",61643,57485,4158
2022 Aug,"48",63720,58359,5361
2022 Sep,"48",63647,58359,5288
2022 Oct,"48",63573,58359,5214
2022 Aug,"49",65510,59082,6428
2022 Sep,"49",65357,59082,6275
2022 Oct,"49",65203,59082,6121
2022 Aug,"50",68150,61417,6733
2022 Sep,"50",68087,61510,6577
2022 Oct,"50",68023,61517,6506
2022 Aug,"51",68780,62042,6738
2022 Sep,"51",68690,62216,6474
2022 Oct,"51",68600,62263,6337
2022 Aug,"52",66610,62372,4238
2022 Sep,"52",66890,62598,4292
2022 Oct,"52",67170,62670,4500
2022 Aug,"53",66460,62234,4226
2022 Sep,"53",66430,62451,3979
2022 Oct,"53",66400,62521,3879
2022 Aug,"54",64890,61842,3048
2022 Sep,"54",65180,62024,3156
2022 Oct,"54",65470,62080,3390
2022 Aug,"55",63410,60013,3397
2022 Sep,"55",63433,60013,3420
2022 Oct,"55",63457,60013,3444
2022 Aug,"56",62450,59534,2916
2022 Sep,"56",62467,59534,2933
2022 Oct,"56",62483,59534,2949
2022 Aug,"57",62890,58912,3978
2022 Sep,"57",62827,58912,3915
2022 Oct,"57",62763,58912,3851
2022 Aug,"58",64180,58345,5835
2022 Sep,"58",64163,58345,5818
2022 Oct,"58",64147,58345,5802
2022 Aug,"59",65640,58041,7599
2022 Sep,"59",65483,58041,7442
2022 Oct,"59",65327,58041,7286
2022 Aug,"60",64880,58848,6032
2022 Sep,"60",65037,59090,5947
2022 Oct,"60",65193,59126,6067
2022 Aug,"61",63440,58122,5318
2022 Sep,"61",63470,58438,5032
2022 Oct,"61",63500,58503,4997
2022 Aug,"62",60810,57022,3788
2022 Sep,"62",61137,57399,3738
2022 Oct,"62",61463,57490,3973
2022 Aug,"63",59260,55709,3551
2022 Sep,"63",59220,56149,3071
2022 Oct,"63",59180,56271,2909
2022 Aug,"64",57120,54319,2801
2022 Sep,"64",57310,54795,2515
2022 Oct,"64",57500,54935,2565
2022 Aug,"65",55590,51633,3957
2022 Sep,"65",55737,52046,3691
2022 Oct,"65",55883,52182,3701
2022 Aug,"66",53630,49877,3753
2022 Sep,"66",53793,50250,3543
2022 Oct,"66",53957,50372,3585
2022 Aug,"67",51930,48214,3716
2022 Sep,"67",51980,48550,3430
2022 Oct,"67",52030,48660,3370
2022 Aug,"68",50020,46786,3234
2022 Sep,"68",50150,47081,3069
2022 Oct,"68",50280,47171,3109
2022 Aug,"69",47940,45421,2519
2022 Sep,"69",47943,45659,2284
2022 Oct,"69",47947,45724,2223
2022 Aug,"70",46750,44910,1840
2022 Sep,"70",46910,45041,1869
2022 Oct,"70",47070,45041,2029
2022 Aug,"71",44890,43298,1592
2022 Sep,"71",44897,43455,1442
2022 Oct,"71",44903,43472,1431
2022 Aug,"72",43900,41651,2249
2022 Sep,"72",44030,41828,2202
2022 Oct,"72",44160,41866,2294
2022 Aug,"73",42690,39855,2835
2022 Sep,"73",42707,40050,2657
2022 Oct,"73",42723,40113,2610
2022 Aug,"74",41900,37759,4141
2022 Sep,"74",41910,37991,3919
2022 Oct,"74",41920,38092,3828
2022 Aug,"75",41470,34727,6743
2022 Sep,"75",41360,35098,6262
2022 Oct,"75",41250,35330,5920
2022 Aug,"76",35100,32547,2553
2022 Sep,"76",35800,32946,2854
2022 Oct,"76",36500,33202,3298
2022 Aug,"77",31960,30434,1526
2022 Sep,"77",32090,30835,1255
2022 Oct,"77",32220,31087,1133
2022 Aug,"78",29040,28288,752
2022 Sep,"78",29177,28681,496
2022 Oct,"78",29313,28916,397
2022 Aug,"79",25250,26203,-953
2022 Sep,"79",25493,26580,-1087
2022 Oct,"79",25737,26794,-1057
2022 Aug,"80",26260,24716,1544
2022 Sep,"80",25997,24992,1005
2022 Oct,"80",25733,25094,639
2022 Aug,"81",25140,22760,2380
2022 Sep,"81",25180,22986,2194
2022 Oct,"81",25220,23041,2179
2022 Aug,"82",22570,20801,1769
2022 Sep,"82",22700,20986,1714
2022 Oct,"82",22830,21007,1823
2022 Aug,"83",19320,18760,560
2022 Sep,"83",19520,18892,628
2022 Oct,"83",19720,18892,828
2022 Aug,"84",17290,16661,629
2022 Sep,"84",17327,16764,563
2022 Oct,"84",17363,16764,599
2022 Aug,"85",14860,14479,381
2022 Sep,"85",15007,14618,389
2022 Oct,"85",15153,14649,504
2022 Aug,"86",13190,12600,590
2022 Sep,"86",13253,12728,525
2022 Oct,"86",13317,12764,553
2022 Aug,"87",11290,10739,551
2022 Sep,"87",11263,10863,400
2022 Oct,"87",11237,10911,326
2022 Aug,"88",10200,9061,1139
2022 Sep,"88",10280,9179,1101
2022 Oct,"88",10360,9237,1123
2022 Aug,"89",8630,7577,1053
2022 Sep,"89",8623,7688,935
2022 Oct,"89",8617,7748,869
2022 Aug,"90",7330,6275,1055
2022 Sep,"90",7323,6376,947
2022 Oct,"90",7317,6433,884
2022 Aug,"91",6210,5082,1128
2022 Sep,"91",6223,5175,1048
2022 Oct,"91",6237,5232,1005
2022 Aug,"92",5310,4072,1238
2022 Sep,"92",5307,4156,1151
2022 Oct,"92",5303,4207,1096
2022 Aug,"93",4150,3223,927
2022 Sep,"93",4180,3296,884
2022 Oct,"93",4210,3340,870
2022 Aug,"94",3100,2536,564
2022 Sep,"94",3127,2598,529
2022 Oct,"94",3153,2631,522
2022 Aug,"95+",8270,8584,-314
2022 Sep,"95+",8263,8584,-321
2022 Oct,"95+",8257,8584,-327
2022 Nov,"5",62920,11522,51398
2022 Dec,"5",63037,11522,51515
2023 Jan,"5",63153,11522,51631
2022 Nov,"6",64180,19036,45144
2022 Dec,"6",64167,19036,45131
2023 Jan,"6",64153,19036,45117
2022 Nov,"7",64130,25919,38211
2022 Dec,"7",64253,25919,38334
2023 Jan,"7",64377,25919,38458
2022 Nov,"8",64950,32166,32784
2022 Dec,"8",65153,32166,32987
2023 Jan,"8",65357,32166,33191
2022 Nov,"9",65250,37783,27467
2022 Dec,"9",65193,37783,27410
2023 Jan,"9",65137,37783,27354
2022 Nov,"10",68380,42776,25604
2022 Dec,"10",68363,42776,25587
2023 Jan,"10",68347,42776,25571
2022 Nov,"11",67340,47128,20212
2022 Dec,"11",67460,47128,20332
2023 Jan,"11",67580,47128,20452
2022 Nov,"12",68860,51222,17638
2022 Dec,"12",68937,51222,17715
2023 Jan,"12",69013,51222,17791
2022 Nov,"13",68190,54355,13835
2022 Dec,"13",68423,54355,14068
2023 Jan,"13",68657,54355,14302
2022 Nov,"14",68450,56687,11763
2022 Dec,"14",68523,56687,11836
2023 Jan,"14",68597,56687,11910
2022 Nov,"15",67920,58272,9648
2022 Dec,"15",68217,58272,9945
2023 Jan,"15",68513,58272,10241
2022 Nov,"16",64860,59521,5339
2022 Dec,"16",65277,59521,5756
2023 Jan,"16",65693,59521,6172
2022 Nov,"17",62980,60140,2840
2022 Dec,"17",63177,60140,3037
2023 Jan,"17",63373,60140,3233
2022 Nov,"18",62670,59375,3295
2022 Dec,"18",62743,59375,3368
2023 Jan,"18",62817,59375,3442
2022 Nov,"19",62120,59480,2640
2022 Dec,"19",62340,59480,2860
2023 Jan,"19",62560,59480,3080
2022 Nov,"20",62110,59574,2536
2022 Dec,"20",62340,59574,2766
2023 Jan,"20",62570,59580,2990
2022 Nov,"21",64010,59461,4549
2022 Dec,"21",63913,59461,4452
2023 Jan,"21",63817,59464,4353
2022 Nov,"22",66340,59715,6625
2022 Dec,"22",66390,59715,6675
2023 Jan,"22",66440,59715,6725
2022 Nov,"23",64880,60468,4412
2022 Dec,"23",65367,60468,4899
2023 Jan,"23",65853,60468,5385
2022 Nov,"24",64910,61378,3532
2022 Dec,"24",65010,61378,3632
2023 Jan,"24",65110,61378,3732
2022 Nov,"25",67020,62460,4560
2022 Dec,"25",67320,62460,4860
2023 Jan,"25",67620,62460,5160
2022 Nov,"26",68830,64038,4792
2022 Dec,"26",68823,64038,4785
2023 Jan,"26",68817,64038,4779
2022 Nov,"27",70720,65977,4743
2022 Dec,"27",71007,65977,5030
2023 Jan,"27",71293,65977,5316
2022 Nov,"28",72180,67615,4565
2022 Dec,"28",72550,67615,4935
2023 Jan,"28",72920,67615,5305
2022 Nov,"29",74990,69148,5842
2022 Dec,"29",75017,69148,5869
2023 Jan,"29",75043,69148,5895
2022 Nov,"30",78600,71965,6635
2022 Dec,"30",78797,71965,6832
2023 Jan,"30",78993,71965,7028
2022 Nov,"31",79910,72958,6952
2022 Dec,"31",80437,72958,7479
2023 Jan,"31",80963,72958,8005
2022 Nov,"32",80940,72967,7973
2022 Dec,"32",81500,73005,8495
2023 Jan,"32",82060,73053,9007
2022 Nov,"33",78500,72399,6101
2022 Dec,"33",79107,72466,6641
2023 Jan,"33",79713,72559,7154
2022 Nov,"34",77030,71577,5453
2022 Dec,"34",77483,71670,5813
2023 Jan,"34",77937,71793,6144
2022 Nov,"35",75330,68913,6417
2022 Dec,"35",76160,69006,7154
2023 Jan,"35",76990,69115,7875
2022 Nov,"36",71960,67024,4936
2022 Dec,"36",72487,67135,5352
2023 Jan,"36",73013,67261,5752
2022 Nov,"37",70410,65342,5068
2022 Dec,"37",70800,65466,5334
2023 Jan,"37",71190,65604,5586
2022 Nov,"38",69200,63862,5338
2022 Dec,"38",69673,63994,5679
2023 Jan,"38",70147,64143,6004
2022 Nov,"39",68170,62300,5870
2022 Dec,"39",68563,62439,6124
2023 Jan,"39",68957,62595,6362
2022 Nov,"40",67990,61623,6367
2022 Dec,"40",68340,61793,6547
2023 Jan,"40",68690,61987,6703
2022 Nov,"41",65380,60546,4834
2022 Dec,"41",65903,60693,5210
2023 Jan,"41",66427,60867,5560
2022 Nov,"42",64880,59597,5283
2022 Dec,"42",65173,59708,5465
2023 Jan,"42",65467,59852,5615
2022 Nov,"43",63530,58896,4634
2022 Dec,"43",63947,58975,4972
2023 Jan,"43",64363,59089,5274
2022 Nov,"44",61730,58451,3279
2022 Dec,"44",62020,58491,3529
2023 Jan,"44",62310,58563,3747
2022 Nov,"45",60860,57204,3656
2022 Dec,"45",61107,57204,3903
2023 Jan,"45",61353,57204,4149
2022 Nov,"46",61070,57035,4035
2022 Dec,"46",61253,57035,4218
2023 Jan,"46",61437,57035,4402
2022 Nov,"47",61490,57485,4005
2022 Dec,"47",61403,57485,3918
2023 Jan,"47",61317,57485,3832
2022 Nov,"48",63500,58359,5141
2022 Dec,"48",63520,58359,5161
2023 Jan,"48",63540,58359,5181
2022 Nov,"49",65050,59082,5968
2022 Dec,"49",65003,59082,5921
2023 Jan,"49",64957,59082,5875
2022 Nov,"50",67960,61526,6434
2022 Dec,"50",67790,61533,6257
2023 Jan,"50",67620,61534,6086
2022 Nov,"51",68510,62334,6176
2022 Dec,"51",68523,62388,6135
2023 Jan,"51",68537,62392,6145
2022 Nov,"52",67450,62770,4680
2022 Dec,"52",67607,62846,4761
2023 Jan,"52",67763,62869,4894
2022 Nov,"53",66370,62616,3754
2022 Dec,"53",66437,62686,3751
2023 Jan,"53",66503,62716,3787
2022 Nov,"54",65760,62157,3603
2022 Dec,"54",65927,62211,3716
2023 Jan,"54",66093,62240,3853
2022 Nov,"55",63480,60013,3467
2022 Dec,"55",63613,60013,3600
2023 Jan,"55",63747,60013,3734
2022 Nov,"56",62500,59534,2966
2022 Dec,"56",62580,59534,3046
2023 Jan,"56",62660,59534,3126
2022 Nov,"57",62700,58912,3788
2022 Dec,"57",62700,58912,3788
2023 Jan,"57",62700,58912,3788
2022 Nov,"58",64130,58345,5785
2022 Dec,"58",63887,58345,5542
2023 Jan,"58",63643,58345,5298
2022 Nov,"59",65170,58041,7129
2022 Dec,"59",65060,58051,7009
2023 Jan,"59",64950,58078,6872
2022 Nov,"60",65350,59154,6196
2022 Dec,"60",65483,59227,6256
2023 Jan,"60",65617,59327,6290
2022 Nov,"61",63530,58558,4972
2022 Dec,"61",63693,58659,5034
2023 Jan,"61",63857,58785,5072
2022 Nov,"62",61790,57571,4219
2022 Dec,"62",61870,57697,4173
2023 Jan,"62",61950,57843,4107
2022 Nov,"63",59140,56385,2755
2022 Dec,"63",59357,56535,2822
2023 Jan,"63",59573,56700,2873
2022 Nov,"64",57690,55068,2622
2022 Dec,"64",57817,55233,2584
2023 Jan,"64",57943,55407,2536
2022 Nov,"65",56030,52303,3727
2022 Dec,"65",56230,52446,3784
2023 Jan,"65",56430,52609,3821
2022 Nov,"66",54120,50481,3639
2022 Dec,"66",54157,50602,3555
2023 Jan,"66",54193,50741,3452
2022 Nov,"67",52080,48757,3323
2022 Dec,"67",52203,48861,3342
2023 Jan,"67",52327,48979,3348
2022 Nov,"68",50410,47253,3157
2022 Dec,"68",50530,47335,3195
2023 Jan,"68",50650,47427,3223
2022 Nov,"69",47950,45783,2167
2022 Dec,"69",48143,45838,2305
2023 Jan,"69",48337,45896,2441
2022 Nov,"70",47230,45041,2189
2022 Dec,"70",47303,45041,2262
2023 Jan,"70",47377,45041,2336
2022 Nov,"71",44910,43487,1423
2022 Dec,"71",45073,43493,1580
2023 Jan,"71",45237,43494,1743
2022 Nov,"72",44290,41913,2377
2022 Dec,"72",44257,41947,2310
2023 Jan,"72",44223,41968,2255
2022 Nov,"73",42740,40183,2557
2022 Dec,"73",42813,40240,2573
2023 Jan,"73",42887,40283,2604
2022 Nov,"74",41930,38195,3735
2022 Dec,"74",41897,38283,3614
2023 Jan,"74",41863,38363,3500
2022 Nov,"75",41140,35551,5589
2022 Dec,"75",41143,35752,5391
2023 Jan,"75",41147,35965,5182
2022 Nov,"76",37200,33444,3756
2022 Dec,"76",37797,33666,4131
2023 Jan,"76",38393,33905,4488
2022 Nov,"77",32350,31323,1027
2022 Dec,"77",32527,31539,988
2023 Jan,"77",32703,31774,929
2022 Nov,"78",29450,29134,316
2022 Dec,"78",29520,29333,187
2023 Jan,"78",29590,29552,38
2022 Nov,"79",25980,26989,-1009
2022 Dec,"79",26323,27168,-845
2023 Jan,"79",26667,27367,-700
2022 Nov,"80",25470,25187,283
2022 Dec,"80",25163,25265,-102
2023 Jan,"80",24857,25351,-494
2022 Nov,"81",25260,23088,2172
2022 Dec,"81",25353,23124,2229
2023 Jan,"81",25447,23164,2283
2022 Nov,"82",22960,21021,1939
2022 Dec,"82",23133,21024,2109
2023 Jan,"82",23307,21025,2282
2022 Nov,"83",19920,18892,1028
2022 Dec,"83",19947,18892,1055
2023 Jan,"83",19973,18892,1081
2022 Nov,"84",17400,16764,636
2022 Dec,"84",17560,16764,796
2023 Jan,"84",17720,16764,956
2022 Nov,"85",15300,14676,624
2022 Dec,"85",15360,14707,653
2023 Jan,"85",15420,14724,696
2022 Nov,"86",13380,12795,585
2022 Dec,"86",13357,12832,525
2023 Jan,"86",13333,12854,479
2022 Nov,"87",11210,10957,253
2022 Dec,"87",11297,11010,287
2023 Jan,"87",11383,11047,336
2022 Nov,"88",10440,9291,1149
2022 Dec,"88",10417,9355,1062
2023 Jan,"88",10393,9402,991
2022 Nov,"89",8610,7806,804
2022 Dec,"89",8677,7872,805
2023 Jan,"89",8743,7923,820
2022 Nov,"90",7310,6488,822
2022 Dec,"90",7317,6552,765
2023 Jan,"90",7323,6600,723
2022 Nov,"91",6250,5287,963
2022 Dec,"91",6247,5350,897
2023 Jan,"91",6243,5399,844
2022 Nov,"92",5300,4257,1043
2022 Dec,"92",5317,4315,1002
2023 Jan,"92",5333,4360,973
2022 Nov,"93",4240,3382,858
2022 Dec,"93",4260,3430,830
2023 Jan,"93",4280,3469,811
2022 Nov,"94",3180,2662,518
2022 Dec,"94",3197,2698,499
2023 Jan,"94",3213,2728,485
2022 Nov,"95+",8250,8584,-334
2022 Dec,"95+",8283,8584,-301
2023 Jan,"95+",8317,8584,-267
2023 Feb,"5",63270,11522,51748
2023 Mar,"5",63180,11522,51658
2023 Apr,"5",63090,11522,51568
2023 Feb,"6",64140,19036,45104
2023 Mar,"6",64313,19036,45277
2023 Apr,"6",64487,19036,45451
2023 Feb,"7",64500,25919,38581
2023 Mar,"7",64620,25919,38701
2023 Apr,"7",64740,25919,38821
2023 Feb,"8",65560,32166,33394
2023 Mar,"8",65597,32166,33431
2023 Apr,"8",65633,32166,33467
2023 Feb,"9",65080,37783,27297
2023 Mar,"9",65373,37783,27590
2023 Apr,"9",65667,37783,27884
2023 Feb,"10",68330,42776,25554
2023 Mar,"10",68163,42776,25387
2023 Apr,"10",67997,42776,25221
2023 Feb,"11",67700,47128,20572
2023 Mar,"11",67930,47128,20802
2023 Apr,"11",68160,47128,21032
2023 Feb,"12",69090,51222,17868
2023 Mar,"12",69077,51222,17855
2023 Apr,"12",69063,51222,17841
2023 Feb,"13",68890,54355,14535
2023 Mar,"13",69203,54355,14848
2023 Apr,"13",69517,54355,15162
2023 Feb,"14",68670,56687,11983
2023 Mar,"14",68743,56687,12056
2023 Apr,"14",68817,56687,12130
2023 Feb,"15",68810,58272,10538
2023 Mar,"15",68920,58272,10648
2023 Apr,"15",69030,58272,10758
2023 Feb,"16",66110,59521,6589
2023 Mar,"16",66583,59521,7062
2023 Apr,"16",67057,59521,7536
2023 Feb,"17",63570,60140,3430
2023 Mar,"17",63893,60140,3753
2023 Apr,"17",64217,60140,4077
2023 Feb,"18",62890,59375,3515
2023 Mar,"18",62860,59375,3485
2023 Apr,"18",62830,59375,3455
2023 Feb,"19",62780,59480,3300
2023 Mar,"19",62947,59480,3467
2023 Apr,"19",63113,59480,3633
2023 Feb,"20",62800,59603,3197
2023 Mar,"20",63040,59612,3428
2023 Apr,"20",63280,59612,3668
2023 Feb,"21",63720,59489,4231
2023 Mar,"21",63767,59508,4259
2023 Apr,"21",63813,59508,4305
2023 Feb,"22",66490,59732,6758
2023 Mar,"22",66277,59751,6526
2023 Apr,"22",66063,59752,6311
2023 Feb,"23",66340,60468,5872
2023 Mar,"23",66567,60468,6099
2023 Apr,"23",66793,60468,6325
2023 Feb,"24",65210,61378,3832
2023 Mar,"24",65377,61378,3999
2023 Apr,"24",65543,61378,4165
2023 Feb,"25",67920,62460,5460
2023 Mar,"25",67940,62460,5480
2023 Apr,"25",67960,62460,5500
2023 Feb,"26",68810,64038,4772
2023 Mar,"26",68893,64038,4855
2023 Apr,"26",68977,64038,4939
2023 Feb,"27",71580,65977,5603
2023 Mar,"27",71643,65977,5666
2023 Apr,"27",71707,65977,5730
2023 Feb,"28",73290,67615,5675
2023 Mar,"28",73503,67615,5888
2023 Apr,"28",73717,67615,6102
2023 Feb,"29",75070,69148,5922
2023 Mar,"29",75260,69148,6112
2023 Apr,"29",75450,69148,6302
2023 Feb,"30",79190,71965,7225
2023 Mar,"30",79333,71965,7368
2023 Apr,"30",79477,71965,7512
2023 Feb,"31",81490,72958,8532
2023 Mar,"31",81783,72958,8825
2023 Apr,"31",82077,72958,9119
2023 Feb,"32",82620,73075,9545
2023 Mar,"32",82820,73079,9741
2023 Apr,"32",83020,73087,9933
2023 Feb,"33",80320,72639,7681
2023 Mar,"33",81113,72674,8439
2023 Apr,"33",81907,72714,9193
2023 Feb,"34",78390,71913,6477
2023 Mar,"34",78863,71984,6879
2023 Apr,"34",79337,72054,7283
2023 Feb,"35",77820,69253,8567
2023 Mar,"35",78150,69364,8786
2023 Apr,"35",78480,69449,9031
2023 Feb,"36",73540,67421,6119
2023 Mar,"36",74273,67563,6710
2023 Apr,"36",75007,67677,7330
2023 Feb,"37",71580,65777,5803
2023 Mar,"37",72077,65938,6139
2023 Apr,"37",72573,66073,6500
2023 Feb,"38",70620,64318,6302
2023 Mar,"38",71037,64485,6552
2023 Apr,"38",71453,64635,6818
2023 Feb,"39",69350,62763,6587
2023 Mar,"39",69860,62928,6932
2023 Apr,"39",70370,63089,7281
2023 Feb,"40",69040,62149,6891
2023 Mar,"40",69267,62307,6960
2023 Apr,"40",69493,62501,6992
2023 Feb,"41",66950,61005,5945
2023 Mar,"41",67407,61136,6271
2023 Apr,"41",67863,61305,6558
2023 Feb,"42",65760,59955,5805
2023 Mar,"42",66033,60045,5988
2023 Apr,"42",66307,60176,6131
2023 Feb,"43",64780,59160,5620
2023 Mar,"43",64983,59216,5767
2023 Apr,"43",65187,59311,5876
2023 Feb,"44",62600,58604,3996
2023 Mar,"44",63127,58625,4502
2023 Apr,"44",63653,58676,4977
2023 Feb,"45",61600,57204,4396
2023 Mar,"45",61703,57204,4499
2023 Apr,"45",61807,57204,4603
2023 Feb,"46",61620,57035,4585
2023 Mar,"46",61807,57035,4772
2023 Apr,"46",61993,57035,4958
2023 Feb,"47",61230,57485,3745
2023 Mar,"47",61323,57485,3838
2023 Apr,"47",61417,57485,3932
2023 Feb,"48",63560,58359,5201
2023 Mar,"48",63407,58359,5048
2023 Apr,"48",63253,58359,4894
2023 Feb,"49",64910,59082,5828
2023 Mar,"49",64917,59082,5835
2023 Apr,"49",64923,59082,5841
2023 Feb,"50",67450,61534,5916
2023 Mar,"50",67210,61534,5676
2023 Apr,"50",66970,61536,5434
2023 Feb,"51",68550,62398,6152
2023 Mar,"51",68593,62422,6171
2023 Apr,"51",68637,62460,6177
2023 Feb,"52",67920,62883,5037
2023 Mar,"52",68200,62919,5281
2023 Apr,"52",68480,62978,5502
2023 Feb,"53",66570,62725,3845
2023 Mar,"53",66490,62758,3732
2023 Apr,"53",66410,62817,3593
2023 Feb,"54",66260,62243,4017
2023 Mar,"54",66270,62268,4002
2023 Apr,"54",66280,62318,3962
2023 Feb,"55",63880,60013,3867
2023 Mar,"55",64113,60013,4100
2023 Apr,"55",64347,60017,4330
2023 Feb,"56",62740,59534,3206
2023 Mar,"56",62847,59534,3313
2023 Apr,"56",62953,59539,3414
2023 Feb,"57",62700,58912,3788
2023 Mar,"57",62563,58912,3651
2023 Apr,"57",62427,58916,3511
2023 Feb,"58",63400,58345,5055
2023 Mar,"58",63317,58345,4972
2023 Apr,"58",63233,58351,4882
2023 Feb,"59",64840,58082,6758
2023 Mar,"59",64703,58086,6617
2023 Apr,"59",64567,58098,6469
2023 Feb,"60",65750,59424,6326
2023 Mar,"60",65667,59510,6157
2023 Apr,"60",65583,59576,6007
2023 Feb,"61",64020,58916,5104
2023 Mar,"61",64170,59033,5137
2023 Apr,"61",64320,59128,5192
2023 Feb,"62",62030,57998,4032
2023 Mar,"62",62247,58140,4107
2023 Apr,"62",62463,58264,4199
2023 Feb,"63",59790,56879,2911
2023 Mar,"63",59890,57048,2842
2023 Apr,"63",59990,57203,2787
2023 Feb,"64",58070,55596,2474
2023 Mar,"64",58363,55778,2585
2023 Apr,"64",58657,55951,2706
2023 Feb,"65",56630,52776,3854
2023 Mar,"65",56580,52947,3633
2023 Apr,"65",56530,53118,3412
2023 Feb,"66",54230,50881,3349
2023 Mar,"66",54367,51030,3337
2023 Apr,"66",54503,51186,3317
2023 Feb,"67",52450,49095,3355
2023 Mar,"67",52610,49223,3387
2023 Apr,"67",52770,49365,3405
2023 Feb,"68",50770,47516,3254
2023 Mar,"68",50823,47617,3206
2023 Apr,"68",50877,47736,3141
2023 Feb,"69",48530,45951,2579
2023 Mar,"69",48757,46016,2741
2023 Apr,"69",48983,46103,2880
2023 Feb,"70",47450,45041,2409
2023 Mar,"70",47380,45047,2333
2023 Apr,"70",47310,45068,2242
2023 Feb,"71",45400,43494,1906
2023 Mar,"71",45517,43503,2014
2023 Apr,"71",45633,43528,2105
2023 Feb,"72",44190,41993,2197
2023 Mar,"72",44157,42013,2144
2023 Apr,"72",44123,42053,2070
2023 Feb,"73",42960,40335,2625
2023 Mar,"73",43053,40376,2677
2023 Apr,"73",43147,40433,2714
2023 Feb,"74",41830,38455,3375
2023 Mar,"74",41777,38533,3244
2023 Apr,"74",41723,38619,3104
2023 Feb,"75",41150,36201,4949
2023 Mar,"75",41173,36418,4755
2023 Apr,"75",41197,36620,4577
2023 Feb,"76",38990,34166,4824
2023 Mar,"76",39300,34408,4892
2023 Apr,"76",39610,34631,4979
2023 Feb,"77",32880,32029,851
2023 Mar,"77",32920,32267,653
2023 Apr,"77",32960,32486,474
2023 Feb,"78",29660,29786,-126
2023 Mar,"78",29870,30008,-138
2023 Apr,"78",30080,30210,-130
2023 Feb,"79",27010,27576,-566
2023 Mar,"79",27330,27777,-447
2023 Apr,"79",27650,27960,-310
2023 Feb,"80",24550,25433,-883
2023 Mar,"80",24327,25519,-1192
2023 Apr,"80",24103,25603,-1500
2023 Feb,"81",25540,23192,2348
2023 Mar,"81",25563,23230,2333
2023 Apr,"81",25587,23273,2314
2023 Feb,"82",23480,21025,2455
2023 Mar,"82",23543,21032,2511
2023 Apr,"82",23607,21045,2562
2023 Feb,"83",20000,18892,1108
2023 Mar,"83",20240,18892,1348
2023 Apr,"83",20480,18892,1588
2023 Feb,"84",17880,16764,1116
2023 Mar,"84",17857,16764,1093
2023 Apr,"84",17833,16764,1069
2023 Feb,"85",15480,14739,741
2023 Mar,"85",15550,14762,788
2023 Apr,"85",15620,14784,836
2023 Feb,"86",13310,12878,432
2023 Mar,"86",13387,12909,478
2023 Apr,"86",13463,12936,527
2023 Feb,"87",11470,11091,379
2023 Mar,"87",11543,11139,404
2023 Apr,"87",11617,11178,439
2023 Feb,"88",10370,9459,911
2023 Mar,"88",10320,9518,802
2023 Apr,"88",10270,9566,704
2023 Feb,"89",8810,7987,823
2023 Mar,"89",8823,8050,773
2023 Apr,"89",8837,8101,736
2023 Feb,"90",7330,6661,669
2023 Mar,"90",7360,6721,639
2023 Apr,"90",7390,6769,621
2023 Feb,"91",6240,5462,778
2023 Mar,"91",6230,5523,707
2023 Apr,"91",6220,5572,648
2023 Feb,"92",5350,4419,931
2023 Mar,"92",5313,4476,837
2023 Apr,"92",5277,4521,756
2023 Feb,"93",4300,3521,779
2023 Mar,"93",4290,3570,720
2023 Apr,"93",4280,3609,671
2023 Feb,"94",3230,2768,462
2023 Mar,"94",3273,2806,467
2023 Apr,"94",3317,2836,481
2023 Feb,"95+",8350,8584,-234
2023 Mar,"95+",8367,8584,-217
2023 Apr,"95+",8383,8584,-201
2023 May,"5",63000,11522,51478
2023 May,"6",64660,19036,45624
2023 May,"7",64860,25919,38941
2023 May,"8",65670,32166,33504
2023 May,"9",65960,37783,28177
2023 May,"10",67830,42776,25054
2023 May,"11",68390,47128,21262
2023 May,"12",69050,51222,17828
2023 May,"13",69830,54355,15475
2023 May,"14",68890,56687,12203
2023 May,"15",69140,58272,10868
2023 May,"16",67530,59521,8009
2023 May,"17",64540,60140,4400
2023 May,"18",62800,59375,3425
2023 May,"19",63280,59480,3800
2023 May,"20",63520,59612,3908
2023 May,"21",63860,59510,4350
2023 May,"22",65850,59754,6096
2023 May,"23",67020,60468,6552
2023 May,"24",65710,61378,4332
2023 May,"25",67980,62460,5520
2023 May,"26",69060,64038,5022
2023 May,"27",71770,65977,5793
2023 May,"28",73930,67615,6315
2023 May,"29",75640,69148,6492
2023 May,"30",79620,71965,7655
2023 May,"31",82370,72958,9412
2023 May,"32",83220,73091,10129
2023 May,"33",82700,72735,9965
2023 May,"34",79810,72091,7719
2023 May,"35",78810,69498,9312
2023 May,"36",75740,67743,7997
2023 May,"37",73070,66150,6920
2023 May,"38",71870,64721,7149
2023 May,"39",70880,63184,7696
2023 May,"40",69720,62613,7107
2023 May,"41",68320,61407,6913
2023 May,"42",66580,60260,6320
2023 May,"43",65390,59377,6013
2023 May,"44",64180,58719,5461
2023 May,"45",61910,57204,4706
2023 May,"46",62180,57035,5145
2023 May,"47",61510,57485,4025
2023 May,"48",63100,58359,4741
2023 May,"49",64930,59082,5848
2023 May,"50",66730,61536,5194
2023 May,"51",68680,62468,6212
2023 May,"52",68760,62998,5762
2023 May,"53",66330,62841,3489
2023 May,"54",66290,62344,3946
2023 May,"55",64580,60023,4557
2023 May,"56",63060,59546,3514
2023 May,"57",62290,58923,3367
2023 May,"58",63150,58360,4790
2023 May,"59",64430,58116,6314
2023 May,"60",65500,59615,5885
2023 May,"61",64470,59179,5291
2023 May,"62",62680,58326,4354
2023 May,"63",60090,57278,2812
2023 May,"64",58950,56035,2915
2023 May,"65",56480,53209,3271
2023 May,"66",54640,51272,3368
2023 May,"67",52930,49445,3485
2023 May,"68",50930,47806,3124
2023 May,"69",49210,46157,3053
2023 May,"70",47240,45086,2154
2023 May,"71",45750,43549,2201
2023 May,"72",44090,42081,2009
2023 May,"73",43240,40469,2771
2023 May,"74",41670,38671,2999
2023 May,"75",41220,36735,4485
2023 May,"76",39920,34755,5165
2023 May,"77",33000,32606,394
2023 May,"78",30290,30322,-32
2023 May,"79",27970,28061,-91
2023 May,"80",23880,25647,-1767
2023 May,"81",25610,23293,2317
2023 May,"82",23670,21049,2621
2023 May,"83",20720,18892,1828
2023 May,"84",17810,16764,1046
2023 May,"85",15690,14791,899
2023 May,"86",13540,12944,596
2023 May,"87",11690,11194,496
2023 May,"88",10220,9587,633
2023 May,"89",8850,8123,727
2023 May,"90",7420,6791,629
2023 May,"91",6210,5595,615
2023 May,"92",5240,4543,697
2023 May,"93",4270,3629,641
2023 May,"94",3360,2853,507
2023 May,"95+",8400,8584,-184
